chr1	500000	231	0.166713	0.468094047619
chr1	1500000	132	0.724693	0.568915
chr1	2500000	134	0.819051	0.582245263158
chr1	3500000	124	0.786333	0.569569411765
chr1	4500000	233	0.89512	0.482201
chr1	5500000	271	0.910924	0.469288
chr1	6500000	191	0.842434	0.51752
chr1	7500000	203	0.896897	0.479461
chr1	8500000	262	0.811312	0.444356
chr1	9500000	180	0.802279	0.50197
chr1	10500000	211	0.820938	0.478274
chr1	11500000	196	0.827037	0.500043
chr1	12500000	239	0.734775	0.469178
chr1	13500000	246	0.183972	0.4636525
chr1	14500000	311	0.893216	0.431262
chr1	15500000	222	0.857185	0.48383
chr1	16500000	198	0.661632	0.496197
chr1	17500000	181	0.663602	0.506775789474
chr1	18500000	229	0.932435	0.491613
chr1	19500000	226	0.881379	0.487321
chr1	20500000	235	0.858071	0.473806
chr1	21500000	220	0.794272	0.460534
chr1	22500000	216	0.845653	0.491468
chr1	23500000	242	0.844489	0.472911
chr1	24500000	232	0.81449	0.464707
chr1	25500000	203	0.747756	0.474254
chr1	26500000	240	0.814456	0.487044
chr1	27500000	207	0.797134	0.495588
chr1	28500000	172	0.738197	0.452362
chr1	29500000	177	0.719706	0.466992832105
chr1	30500000	230	0.873708	0.477760469505
chr1	31500000	219	0.840394	0.469672
chr1	32500000	202	0.810579	0.482056
chr1	33500000	210	0.825366	0.467666
chr1	34500000	329	0.924446	0.446014
chr1	35500000	241	0.828682	0.433097
chr1	36500000	224	0.822386	0.460455
chr1	37500000	247	0.915525	0.480215
chr1	38500000	256	0.865065	0.466472
chr1	39500000	269	0.810788	0.444043
chr1	40500000	248	0.799848	0.4495
chr1	41500000	242	0.874348	0.46445
chr1	42500000	300	0.894452	0.434464
chr1	43500000	245	0.841155	0.454821
chr1	44500000	224	0.889491	0.469327
chr1	45500000	244	0.7812	0.451592
chr1	46500000	214	0.799455	0.451369
chr1	47500000	239	0.706861	0.438481
chr1	48500000	288	0.876283	0.442325
chr1	49500000	315	0.898547	0.399961
chr1	50500000	287	0.845206	0.39493
chr1	51500000	266	0.818993	0.39765
chr1	52500000	268	0.826967	0.413492
chr1	53500000	241	0.847554	0.461702
chr1	54500000	250	0.872215	0.47356
chr1	55500000	300	0.860216	0.451045
chr1	56500000	330	0.903177	0.403637
chr1	57500000	340	0.930186	0.404398
chr1	58500000	311	0.896019	0.409237
chr1	59500000	286	0.900974	0.414909
chr1	60500000	314	0.881869	0.384905
chr1	61500000	330	0.913021	0.397585
chr1	62500000	267	0.824339	0.416299
chr1	63500000	291	0.862883	0.389097
chr1	64500000	305	0.899688	0.410554
chr1	65500000	291	0.884277	0.407677
chr1	66500000	339	0.856579	0.377587
chr1	67500000	287	0.859817	0.389603
chr1	68500000	300	0.893469	0.404482
chr1	69500000	330	0.861654	0.371276
chr1	70500000	322	0.877413	0.365388
chr1	71500000	326	0.877363	0.372573
chr1	72500000	298	0.923571	0.349062
chr1	73500000	343	0.899667	0.349743
chr1	74500000	323	0.90768	0.356822
chr1	75500000	365	0.863508	0.372938
chr1	76500000	310	0.86562	0.385082
chr1	77500000	324	0.891812	0.384947
chr1	78500000	277	0.838289	0.386428
chr1	79500000	311	0.894568	0.358592
chr1	80500000	323	0.880736	0.353428
chr1	81500000	372	0.914778	0.360031
chr1	82500000	364	0.907477	0.368016
chr1	83500000	362	0.628519	0.364036
chr1	84500000	319	0.912861	0.377918
chr1	85500000	329	0.894848	0.399552
chr1	86500000	355	0.852987	0.377571
chr1	87500000	364	0.840664	0.394708
chr1	88500000	350	0.938247	0.377171
chr1	89500000	314	0.797729	0.386802
chr1	90500000	301	0.881393	0.392425
chr1	91500000	337	0.826994	0.392492
chr1	92500000	280	0.834779	0.40808
chr1	93500000	290	0.816825	0.388838
chr1	94500000	300	0.86532	0.418095
chr1	95500000	295	0.884684	0.408688
chr1	96500000	336	0.887518	0.371977
chr1	97500000	335	0.890583	0.366373
chr1	98500000	371	0.93661	0.352919
chr1	99500000	334	0.869727	0.369112
chr1	100500000	290	0.876194	0.384278
chr1	101500000	320	0.865055	0.382957
chr1	102500000	360	0.896073	0.350853
chr1	103500000	323	0.693578	0.347677894737
chr1	104500000	315	0.729739	0.351573
chr1	105500000	311	0.867041	0.345639
chr1	106500000	318	0.88662	0.347466
chr1	107500000	290	0.921117	0.36527
chr1	108500000	273	0.719875	0.389752
chr1	109500000	274	0.81602	0.426751
chr1	110500000	257	0.869501	0.470404
chr1	111500000	312	0.878264	0.412394
chr1	112500000	328	0.897445	0.433342
chr1	113500000	260	0.801189	0.427321
chr1	114500000	295	0.848814	0.408191
chr1	115500000	326	0.872449	0.399831
chr1	116500000	293	0.894222	0.417606
chr1	117500000	286	0.823566	0.426198
chr1	118500000	343	0.889964	0.391719
chr1	119500000	323	0.837789	0.394212
chr1	120500000	245	0.439485	0.418407682461
chr1	121500000	159	0.091308	0.399316344777
chr1	122500000	0	0.0	0
chr1	123500000	0	0.0	0
chr1	124500000	0	0.0	0
chr1	125500000	0	0.0	0
chr1	126500000	0	0.0	0
chr1	127500000	0	0.0	0
chr1	128500000	0	0.0	0
chr1	129500000	0	0.0	0
chr1	130500000	0	0.0	0
chr1	131500000	0	0.0	0
chr1	132500000	0	0.0	0
chr1	133500000	0	0.0	0
chr1	134500000	0	0.0	0
chr1	135500000	0	0.0	0
chr1	136500000	0	0.0	0
chr1	137500000	0	0.0	0
chr1	138500000	0	0.0	0
chr1	139500000	0	0.0	0
chr1	140500000	0	0.0	0
chr1	141500000	0	0.0	0
chr1	142500000	137	0.015911	0.395289895822
chr1	143500000	213	0.010909	0.413003626793
chr1	144500000	214	0.095162	0.41436
chr1	145500000	224	0.398069	0.425002105263
chr1	146500000	232	0.379985	0.413115555556
chr1	147500000	301	0.400601	0.422509
chr1	148500000	134	0.010079	0.407830129372
chr1	149500000	312	0.252094	0.427265900967
chr1	150500000	216	0.765184	0.438066
chr1	151500000	237	0.81347	0.456599
chr1	152500000	296	0.835739	0.414099
chr1	153500000	235	0.805816	0.455255
chr1	154500000	216	0.813178	0.470134
chr1	155500000	180	0.722561	0.469545
chr1	156500000	190	0.85662	0.504268
chr1	157500000	315	0.837117	0.423084
chr1	158500000	308	0.848685	0.389084
chr1	159500000	305	0.862863	0.41069
chr1	160500000	280	0.833058	0.441275
chr1	161500000	234	0.688637	0.445826
chr1	162500000	262	0.862444	0.410917
chr1	163500000	304	0.897721	0.376093
chr1	164500000	329	0.893341	0.394336
chr1	165500000	333	0.89057	0.421932
chr1	166500000	312	0.84322	0.401974
chr1	167500000	289	0.884737	0.418088
chr1	168500000	316	0.870738	0.405309
chr1	169500000	314	0.871535	0.380362
chr1	170500000	318	0.856656	0.378515
chr1	171500000	330	0.842289	0.397487
chr1	172500000	334	0.876878	0.381497
chr1	173500000	311	0.795808	0.395673
chr1	174500000	313	0.802388	0.383066
chr1	175500000	306	0.906014	0.428835
chr1	176500000	322	0.89438	0.39241
chr1	177500000	344	0.895155	0.407004
chr1	178500000	315	0.85831	0.39864
chr1	179500000	266	0.811673	0.408026
chr1	180500000	268	0.873653	0.411509
chr1	181500000	306	0.878623	0.433382
chr1	182500000	277	0.877791	0.419301
chr1	183500000	290	0.887873	0.411391
chr1	184500000	324	0.883183	0.398936
chr1	185500000	328	0.870274	0.377092
chr1	186500000	330	0.883288	0.367066
chr1	187500000	348	0.886092	0.357133
chr1	188500000	310	0.906845	0.342571
chr1	189500000	306	0.891494	0.33983
chr1	190500000	336	0.9303	0.336441
chr1	191500000	329	0.900176	0.343076
chr1	192500000	337	0.894128	0.362486
chr1	193500000	305	0.889333	0.364908
chr1	194500000	305	0.90073	0.344261
chr1	195500000	290	0.905726	0.34207
chr1	196500000	322	0.787615	0.349261
chr1	197500000	330	0.891275	0.36289
chr1	198500000	347	0.920456	0.358997
chr1	199500000	315	0.871651	0.372443
chr1	200500000	251	0.85885	0.421856
chr1	201500000	260	0.895023	0.487769
chr1	202500000	244	0.714281	0.455461
chr1	203500000	227	0.845983	0.464077
chr1	204500000	244	0.910419	0.477656
chr1	205500000	222	0.779532	0.470749652923
chr1	206500000	223	0.509304	0.448143750169
chr1	207500000	301	0.800937	0.406088
chr1	208500000	307	0.939517	0.43182
chr1	209500000	311	0.914826	0.420552
chr1	210500000	302	0.886476	0.411359
chr1	211500000	264	0.802675	0.418297
chr1	212500000	266	0.851122	0.426893
chr1	213500000	311	0.860288	0.412866
chr1	214500000	345	0.90956	0.406566
chr1	215500000	355	0.901418	0.372266
chr1	216500000	341	0.929852	0.363051
chr1	217500000	311	0.914341	0.377555
chr1	218500000	339	0.89962	0.385535
chr1	219500000	329	0.900439	0.377551
chr1	220500000	278	0.848656	0.400435
chr1	221500000	333	0.912038	0.389738
chr1	222500000	312	0.839674	0.406775
chr1	223500000	247	0.802821	0.438788421053
chr1	224500000	281	0.717512	0.42743
chr1	225500000	288	0.800511	0.401168
chr1	226500000	236	0.845241	0.467329
chr1	227500000	280	0.826938	0.4231
chr1	228500000	198	0.836912	0.500766
chr1	229500000	266	0.876159	0.440307
chr1	230500000	302	0.907804	0.445584
chr1	231500000	296	0.865969	0.423873
chr1	232500000	291	0.898082	0.416348
chr1	233500000	303	0.897627	0.406617
chr1	234500000	300	0.864103	0.429106
chr1	235500000	223	0.78556	0.427646315789
chr1	236500000	272	0.837816	0.429946
chr1	237500000	304	0.88713	0.393258
chr1	238500000	315	0.894403	0.376128
chr1	239500000	350	0.901433	0.374148
chr1	240500000	303	0.87569	0.401745
chr1	241500000	298	0.894305	0.390642
chr1	242500000	333	0.726122	0.409312
chr1	243500000	308	0.62385	0.392308
chr1	244500000	259	0.860243	0.423725
chr1	245500000	260	0.855084	0.438585
chr1	246500000	312	0.846813	0.416345
chr1	247500000	282	0.799446	0.4128
chr1	248500000	256	0.563123	0.382388434393
chr1	249500000	41	0.554934436109	0.450115398742
