0.01264
0.00056
0.00194
0.00031
0.00051
0.00806
0.0049
0.11176
0.77596
0.84347
0.84124
0.85879
0.47212
0.04493
0.44786
0.56892
0.3923
0.79244
0.83663
0.84227
0.86061
0.87046
0.9026
0.95663
0.89165
0.67817
0.18528
0.94055
0.94101
0.96056
0.9559
0.95182
0.95024
0.96416
0.94581
0.93221
0.89845
0.80406
0.36602
0.88739
0.85827
0.83611
0.88077
0.93325
0.93144
0.89754
0.95359
0.94207
0.83088
0.95578
0.80727
0.92715
0.92361
0.46768
0.95251
0.90583
0.88207
0.90056
0.92074
0.9292
0.91854
0.86309
0.88529
0.75829
0.73964
0.78815
0.79965
0.82541
0.92942
0.9144
0.93145
0.89425
0.92941
0.87082
0.95518
0.85603
0.93268
0.87616
0.83259
0.791
0.81586
0.79934
0.75694
0.89891
0.84933
0.86022
0.80177
0.82667
0.72388
0.75984
0.80089
0.82081
0.87782
0.86839
0.78069
0.77032
0.7523
0.77562
0.8216
0.65753
0.75344
0.74716
0.81636
0.79452
0.76036
0.88112
0.96787
0.93353
0.88638
0.76359
0.75087
0.82651
0.78679
0.83794
0.90092
0.90431
0.84556
0.8435
0.82761
0.75966
0.8018
0.88662
0.83761
0.862
0.92625
0.8524
0.80556
0.66178
0.10309
0.00555
0.01511
0.06585
0.00308
0.00489
0.00111
0.00281
0.40794
0.77616
0.78679
0.94344
0.86242
0.88406
0.89803
0.91506
0.88689
0.82895
0.90913
0.90716
0.92015
0.91027
0.91155
0.85719
0.89278
0.89009
0.87365
0.8619
0.75349
0.78889
0.78929
0.77016
0.71342
0.86351
0.74054
0.83558
0.83566
0.72427
0.67113
0.10467
0.23167
0.13837
0.0731
0.6365
0.85676
0.87753
0.90459
0.82972
0.69751
0.84868
0.95458
0.91809
0.91558
0.93726
0.94961
0.93845
0.95293
0.96129
0.91401
0.90046
0.92056
0.93326
0.93595
0.92316
0.90803
0.9421
0.7786
0.90062
0.89855
0.72564
0.85475
0.85861
0.83118
0.80771
0.77264
0.89034
0.91142
0.95024
0.93385
0.79792
0.80832
0.85733
0.82192
0.88524
0.83585
0.78918
0.81946
0.78792
0.40988
0.84228
0.91067
0.78233
0.86085
0.62113
0.68143
0.91776
0.93678
0.90003
0.89011
0.9548
0.91765
0.93752
0.91791
0.81558
0.86986
0.82085
0.78799
0.82576
0.83478
0.82686
0.76859
0.77002
0.72718
0.24319
0.55605
0.87323
0.82157
0.94323
0.87685
0.83259
0.78103
0.73794
0.83034
0.96602
0.93403
0.85951
0.51518
0.28576
0.69848
0.8357
0.86736
0.90458
0.8562
0.82532
0.84939
0.82718
0.81924
0.79747
0.77319
0.76206
0.70448
0.86564
0.75345
0.75538
0.74944
0.76322
0.72023
0.85262
0.75254
0.90622
0.82395
0.75716
0.7536
0.79749
0.81835
0.77051
0.74264
0.65167
0.75413
0.66176
0.65041
0.73202
0.7973
0.78765
0.80554
0.7735
0.88421
0.88757
0.88847
0.46679
0.93166
0.91583
0.90338
0.93753
0.91463
0.91465
0.88372
0.919
0.84704
0.82492
0.87567
0.94512
0.90424
0.89029
0.8602
0.6802
0.75085
0.8482
0.84637
0.77295
0.90315
0.97249
0.88346
0.77153
0.77455
0.73189
0.80877
0.78322
0.714
0.74423
0.70592
0.72905
0.7953
0.84884
0.78815
0.8436
0.85976
0.89441
0.91267
0.92149
0.95057
0.88715
0.91071
0.94639
0.96472
0.84335
0.8917
0.95373
0.97038
0.90861
0.8382
0.95212
0.91458
0.88204
0.7868
0.62721
0.75432
0.83488
0.8692
0.84549
0.87929
0.81315
0.78109
0.84996
0.81463
0.84591
0.72409
0.83333
0.81317
0.86969
0.94289
0.91971
0.96732
0.95182
0.96372
0.94832
0.88161
0.9499
0.80445
0.79127
0.88602
0.88244
0.85437
0.69442
0.81028
0.9037
0.93299
0.94369
0.85737
0.9319
0.87001
0.91263
0.86204
0.72773
0.66602
0.7987
0.81051
0.87251
0.85938
0.67283
0.82795
0.88456
0.68231
0.78897
0.76265
0.80689
0.83376
0.80092
0.82707
0.77308
0.81836
0.86337
0.93594
0.82442
0.87748
0.83485
0.79451
0.92264
0.96385
0.91685
0.95822
0.97217
0.92786
0.92057
0.83831
0.88257
0.86189
0.89329
0.87317
0.83488
0.80364
0.85108
0.8692
0.83293
0.39959
0.7368
0.86869
0.87036
0.8868
0.889
0.87232
0.85372
0.9056
0.9022
0.91609
0.81397
0.88583
0.95496
0.90953
0.85956
0.92325
0.78754
0.78506
0.76087
0.79831
0.75224
0.73649
0.74034
0.77121
0.70718
0.78686
0.74144
0.74771
0.86199
0.81528
0.84655
0.79069
0.72887
0.8129
0.93111
0.88558
0.84626
0.61012
0.34627
0.68497
0.27296
0.8526
0.75264
0.87099
0.93075
0.93734
0.94776
0.98586
0.91891
0.95774
0.81295
0.85577
0.76044
0.75836
0.84181
0.96028
0.98159
0.93774
0.94741
0.89272
0.75924
0.90334
0.83201
0.89028
0.81862
0.73817
0.7964
0.8615
0.68395
0.89582
0.95123
0.90557
0.93175
0.84998
0.88405
0.86401
0.76726
0.88911
0.72357
0.83155
0.82598
0.76195
0.87877
0.82245
0.80675
0.85771
0.87399
0.88235
0.86402
0.80059
0.74532
0.75429
0.81948
0.81475
0.862
0.8356
0.73737
0.75302
0.7977
0.79364
0.94598
0.8833
0.95652
0.8555
0.95204
0.95298
0.93024
0.8223
0.85731
0.82484
0.90622
0.86763
0.93738
0.7853
0.78638
0.78489
0.87685
0.91447
0.71034
0.87654
0.93086
0.89889
0.89242
0.84682
0.92175
0.88359
0.88159
0.89119
0.92863
0.89739
0.89832
0.92995
0.89099
0.89784
0.92945
0.83216
0.90648
0.94939
0.96679
0.93644
0.94625
0.94559
0.94435
0.94466
0.89679
0.86682
0.90256
0.95513
0.93523
0.92393
0.88274
0.87805
0.86241
0.90133
0.87616
0.85183
0.88904
0.95432
0.90319
0.92387
0.95166
0.85911
0.92353
0.89094
0.82121
0.74135
0.9235
0.91179
0.91658
0.94797
0.9481
0.86277
0.89105
0.87831
0.8383
0.87305
0.90287
0.82034
0.94538
0.90467
0.93075
0.9371
0.9384
0.96279
0.87515
0.85842
0.7928
0.8483
0.79372
0.84793
0.80559
0.72059
0.88068
0.85691
0.87972
0.86415
0.69634
0.85427
0.94278
0.91608
0.96001
0.84562
0.8404
0.85351
0.82769
0.90541
0.89624
0.92835
0.954
0.95355
0.92446
0.84992
0.81308
0.85997
0.9392
0.92897
0.92154
0.88899
0.92027
0.85123
0.78901
0.85037
0.92361
0.88894
0.7557
0.83778
0.82534
0.90298
0.83781
0.88965
0.89374
0.83999
0.96383
0.84322
0.87106
0.93959
0.94206
0.83028
0.89311
0.91812
0.80146
0.7546
0.85408
0.81367
0.79405
0.92888
0.92919
0.9634
0.8917
0.8563
0.89359
0.89451
0.86339
0.87327
0.85747
0.93402
0.80032
0.89575
0.80651
0.83734
0.79515
0.93765
0.88698
0.84066
0.8961
0.94854
0.94764
0.8763
0.77258
0.89481
0.92574
0.91269
0.83625
0.79562
0.8718
0.78144
0.8817
0.84022
0.90702
0.92698
0.8469
0.88668
0.88925
0.92063
0.91381
0.93656
0.94639
0.91761
0.88034
0.96593
0.94846
0.9418
0.91288
0.83547
0.94289
0.96005
0.93792
0.87196
0.88581
0.82207
0.88088
0.90256
0.91684
0.90525
0.89867
0.9259
0.90848
0.94144
0.95735
0.85415
0.86573
0.90194
0.89445
0.89473
0.90764
0.97753
0.8869
0.9539
0.71043
0.82281
0.90993
0.87383
0.90042
0.77956
0.85328
0.86527
0.71758
0.69113
0.87455
0.92889
0.92945
0.88149
0.95567
0.89953
0.8924
0.96299
0.8999
0.94569
0.84155
0.81096
0.88505
0.86304
0.92782
0.89826
0.89583
0.896
0.83475
0.78193
0.79791
0.87862
0.85
0.7425
0.80805
0.8924
0.90469
0.88229
0.92448
0.87939
0.87095
0.90313
0.93051
0.90926
0.90085
0.91143
0.82375
0.88151
0.87134
0.966
0.74412
0.91235
0.83707
0.95092
0.90012
0.85118
0.91134
0.90047
0.90317
0.92162
0.85132
0.94779
0.94287
0.87055
0.95907
0.93876
0.90348
0.93227
0.84026
0.92743
0.94071
0.937
0.83372
0.88314
0.90654
0.94849
0.93151
0.91329
0.96157
0.95946
0.90165
0.90957
0.71408
0.07622
0.07122
0.06959
0.69981
0.94302
0.91076
0.95727
0.92811
0.85461
0.93831
0.88921
0.91933
0.87725
0.89854
0.87543
0.94284
0.9436
0.90449
0.82657
0.90993
0.87254
0.91552
0.88905
0.88808
0.87513
0.84236
0.80285
0.76705
0.92252
0.82235
0.839
0.84828
0.90896
0.86942
0.77465
0.80516
0.74004
0.86942
0.87546
0.94049
0.95535
0.96441
0.72663
0.78411
0.92199
0.9287
0.96451
0.96191
0.95608
0.93641
0.93795
0.91118
0.92941
0.96822
0.83791
0.87543
0.8504
0.79443
0.73839
0.76187
0.79044
0.81205
0.66231
0.83004
0.94099
0.84595
0.90218
0.91305
0.85972
0.85206
0.78529
0.87938
0.93773
0.8849
0.88875
0.9523
0.90694
0.88638
0.81235
0.79001
0.69465
0.75176
0.73214
0.88231
0.89395
0.8918
0.885
0.79448
0.81497
0.86199
0.78507
0.83301
0.71323
0.805
0.75978
0.80065
0.80954
0.81619
0.86998
0.87654
0.86563
0.81538
0.79387
0.82229
0.90675
0.94343
0.75924
0.77913
0.95837
0.8797
0.90638
0.88005
0.76672
0.88432
0.85043
0.8885
0.9134
0.91003
0.87837
0.83766
0.84111
0.89962
0.91878
0.90268
0.92422
0.92232
0.88987
0.93275
0.87919
0.86439
0.87843
0.88811
0.78482
0.91553
0.77829
0.87238
0.86603
0.92728
0.92751
0.95606
0.92869
0.82208
0.90075
0.91637
0.93149
0.936
0.96407
0.97827
0.96415
0.91702
0.90501
0.90511
0.95475
0.90385
0.8126
0.93248
0.85217
0.90397
0.90939
0.82408
0.91752
0.86875
0.81155
0.87289
0.92675
0.91298
0.78237
0.87472
0.84734
0.90349
0.79469
0.8691
0.901
0.95051
0.79768
0.8055
0.78213
0.8921
0.9234
0.90716
0.88509
0.89271
0.86263
0.89814
0.88736
0.92361
0.93296
0.93164
0.93157
0.85241
0.94366
0.85201
0.84478
0.84113
0.8884
0.8926
0.7776
0.87892
0.89317
0.91923
0.92553
0.47286
0.05739
0.21473
0.4134
0.35792
0.00384
0.8318
0.87582
0.91003
0.90976
0.86176
0.86291
0.8493
0.90154
0.83572
0.85939
0.77045
0.82755
0.95688
0.88001
0.85726
0.85682
0.92497
0.92726
0.88281
0.89141
0.87176
0.82608
0.92799
0.93818
0.83381
0.86385
0.90497
0.90831
0.86554
0.93922
0.92867
0.86901
0.90215
0.9422
0.92455
0.95801
0.97173
0.93674
0.90151
0.86181
0.90873
0.93504
0.90642
0.91542
0.43389
0.37749
0.03696
0.51489
0.88826
0.87462
0.88114
0.86238
0.39685
0.10123
0.8289
0.88337
0.8644
0.9141
0.89448
0.54846
0.83879
0.87465
0.92701
0.96824
0.97927
0.87917
0.86513
0.95257
0.96301
0.92852
0.86403
0.8661
0.81916
0.78046
0.95001
0.80714
0.8531
0.90891
0.88693
0.88423
0.95825
0.96562
0.97818
0.90574
0.74907
0.87234
0.86336
0.88202
0.81949
0.85081
0.61957
0.76431
0.71772
0.76483
0.87569
0.85137
0.86878
0.75771
0.75061
0.86902
0.88381
0.86069
0.8839
0.92449
0.83023
0.88863
0.83601
0.84476
0.83264
0.90173
0.82551
0.82962
0.78512
0.88942
0.96968
0.98214
0.10688
0.05077
0.6015
0.93365
0.93211
0.89062
0.8233
0.87113
0.90921
0.94809
0.95509
0.93002
0.39484
0.85143
0.85817
0.87657
0.88646
0.91562
0.82726
0.82383
0.8697
0.88811
0.95775
0.82564
0.85363
0.94116
0.88995
0.9478
0.88428
0.84011
0.87923
0.80572
0.78535
0.81825
0.79526
0.9393
0.90199
0.82891
0.7641
0.9007
0.83174
0.73332
0.68967
0.88169
0.83216
0.88273
0.32536
0.03655
0.00799
0.01167
0.0082
0.23817
0.43809
0.21714
0.0189
0.0
0.0
0.0
0.0
0.0
0.0
0.0
0.0
0.0
0.0
0.0
0.0
0.0
0.0
0.0
0.0
0.0
0.0
0.0
0.0
0.0
0.0
0.0
0.0
0.0
0.0
0.0
0.0
0.0
0.0
0.0
0.0
0.0
0.0
0.0
0.0
0.0
0.0
0.0
0.0
0.0
0.0
0.0
0.0
0.0
0.0
0.0
0.0
0.0
0.0
0.0
0.0
0.0
0.0
0.0
0.0
0.0
0.0
0.0
0.0
0.0
0.0
0.0
0.0
0.0
0.0
0.0
0.0
0.0
0.0
0.0
0.0
0.0
0.0
0.0
0.0
0.0
0.0
0.0
0.0
0.0
0.0
0.0
0.0
0.0
0.0
0.0
0.0
0.0
0.0
0.0
0.0
0.0
0.0
0.0
0.0
0.0
0.0
0.0
0.0
0.0
0.0
0.0
0.0
0.0
0.0
0.0
0.0
0.0
0.0
0.0
0.0
0.0
0.0
0.0
0.0
0.0
0.0
0.0
0.0
0.0
0.0
0.0
0.0
0.0
0.0
0.0
0.0
0.0
0.0
0.0
0.0
0.0
0.0
0.0
0.0
0.0
0.0
0.0
0.0
0.0
0.0
0.0
0.0
0.0
0.0
0.0
0.0
0.0
0.0
0.0
0.0
0.0
0.0
0.0
0.0
0.0
0.0
0.0
0.0
0.0
0.0
0.0
0.0
0.0
0.0
0.0
0.0
0.0
0.0
0.0
0.0
0.0
0.0
0.0
0.0
0.0
0.0
0.0
0.0
0.0
0.0
0.0
0.0
0.0
0.0
0.0
0.0
0.0
0.0
0.0
0.0
0.0
0.0
0.0
0.0
0.0
0.0
0.0
0.0
0.0
0.0
0.04109
0.08482
0.01708
0.01557
0.0116
0.02123
0.0256
0.01228
0.00398
0.01496
0.00219
0.00525
0.00246
0.10995
0.00157
0.00067
0.00245
0.00274
0.06281
0.01333
0.00485
0.00726
0.29017
0.85853
0.299
0.0324
0.06526
0.80177
0.7956
0.68487
0.5111
0.0326
0.00168
0.00363
0.00208
0.19867
0.72957
0.78872
0.7288
0.73616
0.90829
0.9407
0.84448
0.84641
0.53142
0.00205
0.00356
0.18998
0.50938
0.00361
0.00805
0.00962
0.00564
0.01234
0.03929
0.00324
0.00699
0.0333
0.02216
0.44272
0.56724
0.09791
0.02469
0.00358
0.00713
0.03286
0.0865
0.68204
0.83036
0.84639
0.75457
0.73524
0.76005
0.77488
0.67991
0.77381
0.79332
0.73045
0.81036
0.72527
0.72837
0.78605
0.8343
0.791
0.79006
0.87982
0.91659
0.81089
0.91073
0.87991
0.81469
0.62617
0.83092
0.83173
0.90628
0.8425
0.85351
0.88071
0.87285
0.7773
0.89302
0.8665
0.74113
0.83892
0.79568
0.75533
0.84093
0.78627
0.67011
0.68149
0.80629
0.72779
0.74947
0.84692
0.88763
0.83966
0.94436
0.87668
0.86769
0.79967
0.71918
0.79731
0.73389
0.77234
0.51497
0.59475
0.71251
0.76867
0.75774
0.86435
0.76283
0.76688
0.89003
0.88238
0.86926
0.85314
0.87688
0.94095
0.91217
0.88715
0.78767
0.69738
0.77874
0.78954
0.88806
0.84278
0.92734
0.85343
0.94164
0.91319
0.73692
0.65639
0.86897
0.90702
0.93036
0.91017
0.9242
0.75286
0.8432
0.8665
0.93173
0.83348
0.79537
0.8539
0.78787
0.81458
0.92792
0.93087
0.941
0.94908
0.9047
0.87392
0.87008
0.76709
0.86585
0.78579
0.86071
0.66706
0.72627
0.8371
0.82001
0.77731
0.53547
0.38164
0.09628
0.73548
0.87039
0.93936
0.93952
0.89543
0.9487
0.92982
0.80905
0.80274
0.89132
0.87739
0.61261
0.92973
0.9325
0.87489
0.88122
0.93937
0.95665
0.89284
0.83843
0.87054
0.91267
0.92498
0.89519
0.85122
0.80126
0.89599
0.87489
0.83933
0.92427
0.96092
0.95522
0.9175
0.91468
0.82125
0.95912
0.96403
0.96304
0.9428
0.89972
0.81749
0.78565
0.91686
0.83265
0.87709
0.74083
0.83509
0.76741
0.79222
0.88304
0.82804
0.83193
0.9484
0.9209
0.93864
0.90934
0.86778
0.91141
0.90783
0.87
0.88274
0.85409
0.80239
0.8919
0.89857
0.83275
0.81875
0.92032
0.81999
0.88478
0.87336
0.92371
0.84439
0.90098
0.94174
0.86547
0.7809
0.83005
0.87973
0.88116
0.80812
0.89697
0.91758
0.85369
0.8006
0.86536
0.92968
0.80855
0.86762
0.82104
0.92749
0.84178
0.90264
0.81738
0.89831
0.86065
0.79194
0.72223
0.82996
0.82245
0.8074
0.93011
0.89792
0.84037
0.90011
0.85046
0.85565
0.90931
0.94289
0.87599
0.90233
0.83985
0.91114
0.81849
0.76439
0.84842
0.84828
0.81391
0.79725
0.77149
0.66841
0.76536
0.84679
0.82008
0.7561
0.77974
0.84319
0.8382
0.83073
0.62822
0.85186
0.78883
0.82917
0.88281
0.86988
0.83816
0.92041
0.91792
0.95456
0.96737
0.97708
0.92464
0.92522
0.7743
0.87662
0.81662
0.77439
0.83103
0.96652
0.90582
0.92578
0.94753
0.97019
0.97086
0.96053
0.94955
0.91449
0.84615
0.91887
0.89177
0.75792
0.8957
0.94752
0.81252
0.87017
0.84958
0.81605
0.95123
0.88635
0.85965
0.84458
0.82349
0.9014
0.78421
0.82489
0.79018
0.81237
0.67676
0.78509
0.81732
0.80068
0.89859
0.85416
0.88715
0.90199
0.94219
0.83627
0.83876
0.8838
0.89482
0.79208
0.89214
0.85675
0.85089
0.89497
0.79172
0.8626
0.95132
0.95483
0.94481
0.95003
0.9007
0.7389
0.82263
0.91776
0.86451
0.85791
0.86767
0.88027
0.91885
0.91485
0.91376
0.80273
0.85194
0.89488
0.89527
0.89832
0.84148
0.9346
0.78223
0.81957
0.92739
0.95514
0.94975
0.87166
0.84494
0.87546
0.91323
0.94855
0.91078
0.92924
0.80449
0.89563
0.83528
0.88131
0.75411
0.92222
0.85723
0.91066
0.78269
0.89116
0.90264
0.84917
0.95586
0.91101
0.82821
0.928
0.90323
0.83541
0.83605
0.85883
0.91991
0.88624
0.93098
0.86575
0.91895
0.85754
0.92223
0.87385
0.84796
0.90674
0.77759
0.94956
0.90549
0.94409
0.90087
0.90293
0.96327
0.91372
0.91775
0.87191
0.83292
0.94363
0.89261
0.90507
0.84904
0.87737
0.85919
0.85179
0.94257
0.84945
0.93986
0.95248
0.90473
0.96346
0.91209
0.9456
0.94775
0.94654
0.94707
0.8707
0.93264
0.92937
0.83793
0.90004
0.88978
0.93986
0.83242
0.9163
0.92334
0.92296
0.91037
0.91039
0.92506
0.91376
0.90352
0.95348
0.93366
0.804
0.92174
0.83337
0.86291
0.91527
0.88478
0.89549
0.92373
0.898
0.86321
0.91655
0.8916
0.88862
0.89232
0.85273
0.86166
0.93453
0.89512
0.88085
0.87682
0.8941
0.86654
0.92265
0.91982
0.89219
0.92903
0.86161
0.92661
0.92604
0.92678
0.89935
0.87936
0.91479
0.91061
0.90597
0.90137
0.87299
0.83374
0.94159
0.96649
0.91401
0.95102
0.70466
0.29665
0.55146
0.83423
0.90435
0.87292
0.90361
0.9497
0.92057
0.86707
0.86681
0.81942
0.90317
0.87651
0.91311
0.89579
0.91901
0.9413
0.91942
0.93244
0.94879
0.94801
0.92614
0.91528
0.91179
0.92852
0.93036
0.88359
0.89177
0.77403
0.11752
0.67847
0.74131
0.80263
0.88731
0.85303
0.85326
0.87013
0.82038
0.83249
0.84936
0.84241
0.84549
0.94683
0.95757
0.83604
0.96491
0.90831
0.8857
0.90878
0.91049
0.87387
0.86034
0.75958
0.80151
0.81267
0.89809
0.35009
0.24173
0.7281
0.91228
0.81264
0.7972
0.88215
0.95145
0.87236
0.90319
0.82777
0.89722
0.82524
0.81853
0.73629
0.77295
0.78263
0.91421
0.8876
0.93756
0.91728
0.83707
0.92127
0.93586
0.90646
0.95146
0.96194
0.83082
0.85185
0.87523
0.83843
0.88525
0.87262
0.84867
0.83126
0.64589
0.00979
0.40858
0.83718
0.01184
0.47521
0.92346
0.88739
0.93133
0.9034
0.9395
0.93617
0.91058
0.79852
0.89129
0.90782
0.53484
0.63137
0.59029
0.89493
0.94007
0.9617
0.96682
0.96079
0.95618
0.91636
0.95295
0.93567
0.86847
0.91883
0.91276
0.8387
0.90963
0.90121
0.90965
0.90508
0.9597
0.96444
0.92524
0.92671
0.851
0.84106
0.86435
0.86509
0.88115
0.87394
0.93099
0.8881
0.93914
0.87543
0.80925
0.69265
0.81426
0.7373
0.88583
0.72508
0.84536
0.87738
0.81206
0.83576
0.84999
0.88084
0.83069
0.84722
0.83131
0.81579
0.90033
0.91928
0.87049
0.71931
0.80734
0.82255
0.82173
0.84304
0.90246
0.93752
0.90114
0.85138
0.88161
0.94545
0.97185
0.95634
0.92522
0.94129
0.90792
0.92083
0.89448
0.85728
0.83821
0.87504
0.88902
0.94778
0.94797
0.875
0.94991
0.76855
0.88761
0.9165
0.89294
0.89443
0.92825
0.90281
0.88039
0.97197
0.92076
0.9402
0.91699
0.96595
0.95755
0.95312
0.94777
0.95496
0.96029
0.90709
0.91265
0.87008
0.90771
0.90684
0.8437
0.92895
0.94593
0.85408
0.90874
0.93291
0.91908
0.88794
0.90454
0.79752
0.91987
0.91958
0.93938
0.947
0.88701
0.93625
0.9383
0.91078
0.9483
0.70324
0.9078
0.76567
0.7858
0.85067
0.79733
0.86563
0.88563
0.89635
0.88078
0.87299
0.84083
0.92075
0.91388
0.86878
0.9303
0.87668
0.91335
0.86636
0.9136
0.92939
0.97254
0.95807
0.88282
0.82184
0.88094
0.90626
0.88155
0.88246
0.4354
0.92547
0.87991
0.87019
0.8526
0.8124
0.89818
0.88193
0.87657
0.77334
0.85591
0.3188
0.86884
0.90287
0.34279
0.09446
0.79134
0.72728
0.77116
0.83198
0.86872
0.88308
0.95044
0.86276
0.80861
0.78978
0.7203
0.67649
0.83048
0.8856
0.89205
0.85352
0.80294
0.78278
0.83053
0.76542
0.77883
0.80872
0.7941
0.9006
0.85372
0.93222
0.93331
0.82102
0.80839
0.89887
0.92741
0.88146
0.85213
0.83005
0.6718
0.74245
0.77855
0.88955
0.89683
0.72791
0.90358
0.91628
0.93463
0.92647
0.82592
0.48342
0.87493
0.91
0.89487
0.91378
0.63888
0.89991
0.845
0.81995
0.809
0.89898
0.87566
0.94033
0.90613
0.93021
0.95104
0.92179
0.91726
0.87522
0.8701
0.85022
0.91485
0.92855
0.92836
0.82685
0.89661
0.86105
0.87991
0.83125
0.84383
0.79554
0.9166
0.89461
0.83312
0.87336
0.86974
0.88491
0.90912
0.96579
0.94248
0.9185
0.87287
0.89806
0.93611
0.89107
0.91229
0.91412
0.90046
0.89049
0.92866
0.88037
0.84785
0.87404
0.86633
0.8575
0.87174
0.91352
0.88847
0.88745
0.90298
0.93921
0.80303
0.71322
0.90509
0.49935
0.68587
0.84442
0.77965
0.6967
0.83327
0.81674
0.89074
0.87248
0.8125
0.84522
0.82187
0.8232
0.81476
0.78622
0.85898
0.87014
0.86844
0.91993
0.87039
0.85754
0.83042
0.88992
0.90063
0.92928
0.88883
0.86336
0.94324
0.87569
0.88838
0.81508
0.91988
0.90005
0.89194
0.90925
0.90213
0.90485
0.90161
0.89353
0.86984
0.93517
0.86745
0.92838
0.9455
0.91432
0.88331
0.82562
0.94689
0.93864
0.91848
0.87992
0.85728
0.8564
0.93063
0.89669
0.89328
0.83939
0.78712
0.88696
0.84712
0.90419
0.89211
0.89499
0.9316
0.82697
0.94012
0.91985
0.89118
0.88438
0.77937
0.70205
0.82248
0.66441
0.1971
0.84289
0.86053
0.80228
0.87474
0.68058
0.22254
0.0331
0.07271
0.542
0.8903
0.95019
0.94934
0.85512
0.93771
0.83718
0.90171
0.93459
0.93593
0.9231
0.83516
0.86569
0.71477
0.88793
0.80185
0.79046
0.77858
0.85652
0.86444
0.85469
0.84836
0.88593
0.88459
0.84758
0.87474
0.88002
0.90445
0.87193
0.9332
0.85382
0.84791
0.82965
0.79213
0.8165
0.73879
0.80683
0.80757
0.73965
0.72788
0.78823
0.82146
0.85779
0.82891
0.80607
0.81808
0.83977
0.71777
0.73338
0.66181
0.72525
0.72391
0.54773
0.10087
0.53413
0.59586
0.61856
0.7163303378
0.0
