1.250963337790484964e-01
4.787065204429687831e-02
7.550528333935821457e-02
4.498351327913585216e-04
2.162276965794632071e-04
1.035629689472046949e-01
7.618544789734049694e-02
7.045213362062234808e-01
1.019874528270049208e+00
1.006382338655125608e+00
8.551612105569421640e-01
9.650653037995233774e-01
9.818374627499807383e-01
1.029073348592452142e+00
9.072451894191165822e-01
9.846591904274999418e-01
6.754009419312693163e-01
1.074263268894037227e+00
9.951994070022183170e-01
1.045751799271936289e+00
9.623293314915616348e-01
1.208388449545057863e+00
9.840242336928336497e-01
1.131407230414390286e+00
1.010172523982537207e+00
1.059829578659245986e+00
4.427118626100829957e-01
7.954691667599722571e-01
8.343331179993527247e-01
9.974615906545332145e-01
9.100755915324720835e-01
9.387460488357544097e-01
1.088364022171852019e+00
9.923442319946254031e-01
9.719840748747645698e-01
1.080031367364376438e+00
1.125717973901735558e+00
1.153388783926127426e+00
5.855346018855783763e-01
1.278961819349725693e-01
1.052655712587480918e+00
9.595283382577276532e-01
1.013827840566994043e+00
8.398083662605962951e-01
9.898822727740747007e-01
8.627743914973197148e-01
9.377551178861593950e-01
9.444919716896592599e-01
9.316745341045324924e-01
9.314029101243114228e-01
9.593761039341772712e-01
8.272120602591370719e-01
8.818627565063688056e-01
9.884087277592134013e-01
1.050851126867245355e+00
9.639504702448637996e-01
9.541032287326488559e-01
9.957705201912697701e-01
9.187277916736958927e-01
1.253427877985988648e+00
1.164439320018025192e+00
1.105298942386254479e+00
1.158558947231856928e+00
1.122993567980723473e+00
1.222666389462700787e+00
1.117368709514769298e+00
1.128602488000138626e+00
1.176039571749879720e+00
1.130872551951064287e+00
1.171584622018803534e+00
1.048181657375703901e+00
1.159337595799791565e+00
1.126045913622959693e+00
1.204478934006619095e+00
1.163278165856556301e+00
1.231057158098244786e+00
1.272676809072988524e+00
1.184383079953493567e+00
1.028482433891995562e+00
1.124298704207939092e+00
1.128784783335344821e+00
1.193819189449125018e+00
1.196205997876921723e+00
1.127599551865512861e+00
1.164028312641633089e+00
1.093044999039318732e+00
1.055054654214535370e+00
1.088979714280531530e+00
1.007754875921818671e+00
1.278579149820136207e+00
1.220205849574063306e+00
1.102435327502637508e+00
1.238566892395920993e+00
1.366949433897719501e+00
1.277706966584062798e+00
1.107875447966267135e+00
1.135105929636879951e+00
1.132421893572486571e+00
1.113253705692391016e+00
1.179148148123393636e+00
1.090888679693425622e+00
1.112419279807798089e+00
1.023563289909812601e+00
1.051573591029434152e+00
1.161548808686149403e+00
1.157078058089997530e+00
1.081422016848277989e+00
1.091843186846228386e+00
1.180373802052092191e+00
1.144398973934961150e+00
1.141528283692870627e+00
1.133741726615340228e+00
1.092463348669945100e+00
1.174579771440721565e+00
1.156010563145703163e+00
1.057657488503615406e+00
1.092814034707172199e+00
1.216749185661741839e+00
1.176090947583100066e+00
1.196502852780203296e+00
1.223747593386567800e+00
1.169856486974895304e+00
1.213906159866396051e+00
1.122866082764230722e+00
1.119329816567608882e+00
1.234316187913293783e+00
1.305893863516672138e+00
1.006212093424520226e+00
9.645747506529442905e-01
7.397319385496873290e-01
5.087856688527669230e-02
3.947282285182405204e-01
1.246426541469202870e-01
7.456123447993516506e-02
5.709916401965212107e-02
4.102118283119048775e-02
9.363185996607716055e-03
3.083161423795305334e-01
9.783870777047006806e-01
1.035100202940483216e+00
1.079561332069067348e+00
1.122781575146212463e+00
9.804728641836216729e-01
9.539649323592936936e-01
9.644724063627968524e-01
8.117872867774335033e-01
1.003143326753188624e+00
9.815908615837212192e-01
1.129557408593377943e+00
1.014690160451941603e+00
1.241543303234271534e+00
1.236995396438988370e+00
1.271961746137221461e+00
1.233402966343757345e+00
1.277399690428148160e+00
1.205197786887839184e+00
1.254513658820036071e+00
1.301747831839775049e+00
1.074319241826200422e+00
1.118008256107863474e+00
1.238194602650463771e+00
1.084416241800523206e+00
1.161238156794765608e+00
1.147996292173772082e+00
1.315106695596363728e+00
1.239955001222675435e+00
1.026220535104204634e+00
1.211961775922248963e+00
1.329731792866182705e+00
1.782522702903084344e+00
1.255073011549490802e+00
3.643693519081869225e-01
1.533021889160318896e+00
1.167655516436840735e+00
1.204223941893628247e+00
1.264744333942680266e+00
1.070431543453327583e+00
1.262767136129519407e+00
1.249252407576967761e+00
1.236011944295249299e+00
1.124918679460155335e+00
1.140929891901260484e+00
1.256225788369268459e+00
1.139822065996371814e+00
1.045123780069599606e+00
1.059276836262941002e+00
9.880661026830852567e-01
9.841483794408345531e-01
9.690279359145635985e-01
9.660054800797203134e-01
1.078612753490113096e+00
1.232413834396842489e+00
1.360957048522853707e+00
1.215567220837999063e+00
1.260193574266421424e+00
1.173128913917798499e+00
1.270460189505500104e+00
1.307101737383814966e+00
1.183454948694220299e+00
1.195076979000017747e+00
1.308282150353027307e+00
1.084132328378857091e+00
1.127817595828080721e+00
1.026899219888763426e+00
1.198999763546485298e+00
1.037915581179372104e+00
1.291474765567756533e+00
1.188682271120118594e+00
1.218320743152712549e+00
1.235906604023151001e+00
1.224241868760300278e+00
9.309086546366835968e-01
9.499999942268095854e-01
1.000706705545552744e+00
1.018083784032088657e+00
1.303250834585478080e+00
1.326427931741535060e+00
9.824823371760341706e-01
1.145590465710438766e+00
1.160601458249024498e+00
1.025823782046677790e+00
1.156522363360230843e+00
1.906387530077088277e+00
1.013888182718076569e+00
1.212805563624868910e+00
1.146146477034994948e+00
1.178604411624058601e+00
1.154538248271339551e+00
1.115450448139842621e+00
1.183155478662023752e+00
1.263677656915171754e+00
1.334004981201150075e+00
1.214114731569853278e+00
1.028496386861837530e+00
1.168296960103646809e+00
1.181446808538135329e+00
1.000509525638086039e+00
1.269015019227135666e+00
1.224391800869431002e+00
1.172039701515963595e+00
1.139144092580843370e+00
1.105609476963434368e+00
7.105395310652912189e-01
5.354999788232224223e-01
1.196974602820178424e+00
1.161457272664540463e+00
1.240072125592353025e+00
1.167473768387280231e+00
1.109211396633173363e+00
9.793589402573673608e-01
1.155127244013737675e+00
1.016882962376474575e+00
1.167952237584336084e+00
1.082209968660102550e+00
1.213553304559893631e+00
1.118777831146005930e+00
7.985507063456463994e-01
9.226314375673448920e-01
1.147404597377626123e+00
1.106511587351876935e+00
1.270382965544582632e+00
1.210352731337620114e+00
1.179322498208267733e+00
1.244007914547301086e+00
1.160710054232764632e+00
1.116019994676117788e+00
1.276928080205846694e+00
1.044684153738788757e+00
1.136268777367282157e+00
1.026643712908236861e+00
1.190195509547213426e+00
1.150676459850062505e+00
1.221562781013338927e+00
1.157435085605619696e+00
1.251274418535692323e+00
1.020121575703241357e+00
1.201457653392862035e+00
1.159707217155619530e+00
1.115676116328336631e+00
1.222030048509206157e+00
1.082618930148935510e+00
1.049986802260195695e+00
1.233128753891166607e+00
9.791485939786475079e-01
1.217979303657758416e+00
1.115988426897337904e+00
1.049420424852807621e+00
1.006309361579825090e+00
1.061473671111618611e+00
1.128665096964994730e+00
1.015026981147454377e+00
1.206342629334228533e+00
1.081147133027837492e+00
9.162632920848987617e-01
1.094670728758521117e+00
1.285824568966493997e+00
1.251836468353052512e+00
1.055653135663756403e+00
9.871774726377644527e-01
nan
8.728887539052567757e-01
1.250051881647517460e+00
1.104336779970069182e+00
1.056478398134124808e+00
1.075348980955860068e+00
1.224497805535691874e+00
1.002901543459841616e+00
1.115724409095262937e+00
1.053230212409968392e+00
1.042175140379190568e+00
9.976370962068079606e-01
1.205040063174423803e+00
1.313362202171119542e+00
1.234726379525457718e+00
1.139395219426563743e+00
1.016327230221151678e+00
1.116174386998255219e+00
1.149224173466266485e+00
1.186804634848418916e+00
1.047046645245268692e+00
1.231545928138890522e+00
1.352670545444931705e+00
1.269945917270350000e+00
1.112426225023845472e+00
1.156274326897486660e+00
1.153216929918432498e+00
1.242932840986437970e+00
1.162623486802882411e+00
1.191486878345229039e+00
1.051473245671631362e+00
1.076055759798189015e+00
1.170441698286567522e+00
1.167907294726207912e+00
1.131963500652176657e+00
1.195886770225645046e+00
1.199813015931174842e+00
1.230894415023791266e+00
1.238945717643826550e+00
1.169937804890985866e+00
1.289706545625591394e+00
1.126269373635190529e+00
1.015810632970538974e+00
1.061596655819061930e+00
1.021064230598555778e+00
1.150907014636339820e+00
8.776105381092955682e-01
9.428748827034453273e-01
8.955618860138069293e-01
9.212250687762681967e-01
9.574319869979939224e-01
9.758937738272076556e-01
9.991130492843180999e-01
1.042455000463696324e+00
1.157281568080479106e+00
8.890043312868373127e-01
9.918635733517319197e-01
1.061520388556120631e+00
1.011768592082669116e+00
9.248444232492691874e-01
1.048156246111067391e+00
1.114936079547195646e+00
1.183034901574743669e+00
1.069449374217920079e+00
1.103944189830133649e+00
9.183890673414071282e-01
1.115651971536333553e+00
1.164572123922032576e+00
1.132108994975892236e+00
1.292578843115091081e+00
1.211988410737182775e+00
1.083623300929483335e+00
1.123783758497034935e+00
9.997568538515121395e-01
1.079435617437331851e+00
1.076061074555642705e+00
1.161951459275802900e+00
9.398371075824913934e-01
1.060589621537153748e+00
1.112025959010687126e+00
1.201797787063897172e+00
1.289429300216873298e+00
1.134325917904196901e+00
1.102306137747879999e+00
1.159789045406354191e+00
1.210538074173363343e+00
1.082630527891707217e+00
1.192189463856570653e+00
1.060069900485228533e+00
1.022083971349883935e+00
1.007958544608642093e+00
9.922855998303988789e-01
9.882738182288142159e-01
1.171931667435332169e+00
1.014681918752968537e+00
1.120368146787271035e+00
1.170012728846293371e+00
1.117334694586469279e+00
9.957988458351904049e-01
1.143615488098316479e+00
1.031925552196484297e+00
1.161115170247528861e+00
1.170104832367996117e+00
1.036229993294023766e+00
1.169254747247404413e+00
1.189256541087758468e+00
1.124071189524642689e+00
9.678595555924127680e-01
1.107020142210185965e+00
1.028386559003526601e+00
1.024187724463028415e+00
9.123481645884997659e-01
1.086275420426449090e+00
1.177757770951147309e+00
1.231907363945475398e+00
1.195943055413433598e+00
1.008538057668431076e+00
9.616395021338591809e-01
1.172727720745097013e+00
1.158078387221073369e+00
1.169620710413532993e+00
1.365778971658918595e+00
1.318834528613158863e+00
1.271039820124087116e+00
1.126660170552304052e+00
1.040592279696654909e+00
9.268181711319603000e-01
1.018098825698330989e+00
9.636886907684861781e-01
1.090688863522821572e+00
1.018855259903414190e+00
9.496479302470499650e-01
1.118831914760120227e+00
1.192433209664312654e+00
1.141552497112557463e+00
1.180197041383190815e+00
1.060274313734232532e+00
1.226590930881328756e+00
1.192406405376323919e+00
1.337370563041425653e+00
1.246592750023264751e+00
1.239385622234827844e+00
1.117939032466267912e+00
1.095397494534821270e+00
1.292452717618128410e+00
1.276557482397949972e+00
1.169299442754382357e+00
1.058094150669584899e+00
1.245214629498669900e+00
1.059020061608802799e+00
1.028810195893931967e+00
1.202200035182148019e+00
1.199629858285471196e+00
1.282365735235198700e+00
1.085828924105062709e+00
1.193604732523496859e+00
8.565693244326557654e-01
9.145432712065272307e-01
1.064592185413778758e+00
1.032975631452733634e+00
1.078796094456208721e+00
1.153193672961200456e+00
9.922468258090034743e-01
1.381964021206143034e+00
9.476736886506521573e-01
1.124024449442795781e+00
9.744865140929785952e-01
1.283744649372945634e+00
1.129537695024816824e+00
1.149788316433897117e+00
1.227433403094092546e+00
1.304245279112796974e+00
1.082224442016292754e+00
9.522355158312911794e-01
7.421086002783060520e-01
9.158899404521166909e-01
7.315065916129246393e-01
1.192597910759434443e+00
1.047771304948601712e+00
1.205414701909693909e+00
1.162174246665222510e+00
1.048470907399306817e+00
1.071220090627919452e+00
1.158046102267129340e+00
1.167373146836506059e+00
1.049867830313340855e+00
1.022885120293567596e+00
8.341230212941581623e-01
9.032857868279027258e-01
8.121261731658915295e-01
9.684063478217813659e-01
9.983509496565402541e-01
1.094959679598820124e+00
1.053718217260651180e+00
1.003035932684358977e+00
8.544168225509392034e-01
8.456870738054229619e-01
9.416481299789145609e-01
7.623245865819074929e-01
8.651125853257078946e-01
8.245194519013004930e-01
8.458736739691495865e-01
8.080224537885393188e-01
8.104571164357839974e-01
7.714797465289149336e-01
7.558333625140861711e-01
8.584343447728399745e-01
9.082267262767746985e-01
9.856803455737702668e-01
1.083888140194711136e+00
9.108027565919204482e-01
9.513183066240310515e-01
8.962528660800935798e-01
9.610024980519871196e-01
8.658886588842586995e-01
1.031003538416418452e+00
9.605633175436948390e-01
1.099082936771062391e+00
1.140815805910491365e+00
1.047605898780525457e+00
9.239357704485018363e-01
1.179237542265521910e+00
1.022608730122626763e+00
9.575674536471243670e-01
1.130812772347085771e+00
1.190486106758849694e+00
1.089484364082586643e+00
1.048971278321056966e+00
1.030696917688921133e+00
1.132506435547280699e+00
8.948950664261748900e-01
1.089191597025185754e+00
1.151741371322245522e+00
1.015684071749098472e+00
1.044781914286396995e+00
1.010346606557708471e+00
1.132080686226095922e+00
1.203158616951821580e+00
1.255281720885260910e+00
1.209598947406474556e+00
1.106377381019785666e+00
1.284772127380146012e+00
1.268513314861192232e+00
1.168136262621447319e+00
1.170032655008789835e+00
1.133818623103142187e+00
1.180565786416582608e+00
1.335212939235849161e+00
1.288684175235828455e+00
1.187249285926789799e+00
1.108187432383095583e+00
1.178671104667785796e+00
1.181738665674465727e+00
1.123081298229056557e+00
1.168627218410453583e+00
1.217214085194264106e+00
1.058517817654114124e+00
1.058919742608212422e+00
1.228853202080567142e+00
1.251362880549239165e+00
1.144635159619597609e+00
1.161427775904757098e+00
1.133048064938400268e+00
1.179483891745338520e+00
1.101193068230693184e+00
1.023503579565984367e+00
1.149558816302433728e+00
1.054355686476975196e+00
1.150552175894352880e+00
1.123026207769018514e+00
1.293366066797279945e+00
1.084094788465229220e+00
9.559900963503074056e-01
1.170856285833291377e+00
1.182388009188625633e+00
1.082570106838912194e+00
1.047461684576703744e+00
1.031335196153373879e+00
1.004987950554469434e+00
1.034522869652219956e+00
1.002706072667738812e+00
1.023642906058075841e+00
9.415504306759234776e-01
9.812887585160593451e-01
9.086948650147503859e-01
1.063083417533044805e+00
9.653632362111110865e-01
9.286430266656712229e-01
9.814547240418111107e-01
1.106066351626018740e+00
1.038783718854519700e+00
1.178356131852062560e+00
1.027891726878108924e+00
1.253299309863838085e+00
1.303633697289525273e+00
1.192188572994084872e+00
1.228397819476751307e+00
1.192522710804895913e+00
9.941436556006555403e-01
1.070453854514515468e+00
1.133576959186958666e+00
1.030585166984054890e+00
1.185926680135719113e+00
1.079789857051550950e+00
8.977302356198365585e-01
1.053469451806688495e+00
9.437565499550155668e-01
7.880238620579463893e-01
8.623302224361222290e-01
8.992396831439578575e-01
7.673844196401609086e-01
8.424338317254692621e-01
9.064541124089751101e-01
9.629198901630768859e-01
9.362433965070232622e-01
1.064763761518376484e+00
1.002397395662129265e+00
9.558196394529941964e-01
9.600792510365698806e-01
9.622569232553290774e-01
9.581166005651565731e-01
9.790468787453355803e-01
1.041589760544850973e+00
9.784822335671793381e-01
8.709281102980946931e-01
9.120498026878671727e-01
9.906331786850451904e-01
1.054308737569181531e+00
1.055797511513914211e+00
1.066133893208781602e+00
9.269935466619155795e-01
8.767024178575428817e-01
1.037923838358999040e+00
9.153379127452476727e-01
9.901843022956597906e-01
1.007566275188996663e+00
9.574265614259058754e-01
9.426855918149601443e-01
1.042541452458433104e+00
1.028086157067544359e+00
8.910346945325713364e-01
1.038709640704757575e+00
1.177405727516244394e+00
1.085484811364592517e+00
1.119520203958014548e+00
1.202391792341869659e+00
1.139078775651635844e+00
1.087536028599452420e+00
1.070843563790477626e+00
8.719937486564472984e-01
9.368211600886531265e-01
1.025568209030126576e+00
1.074178758302132053e+00
9.364112707654425050e-01
1.189958948987020149e+00
1.140346528147397231e+00
1.048889173744766534e+00
1.165625330174997254e+00
9.882024692103933416e-01
1.037533612974122832e+00
9.716222588995975240e-01
7.754411998685483143e-01
9.414956665456748475e-01
9.392764055690180358e-01
9.072133129472597091e-01
9.690061418446861419e-01
8.527310443476066038e-01
9.155403752601610767e-01
1.124341185680098665e+00
1.146695964178380489e+00
1.088303327411298094e+00
1.157270321559608961e+00
9.455881514872438443e-01
8.997209369771855814e-01
8.818473149861272287e-01
9.647718490961464388e-01
9.828362345821852752e-01
1.044571382016376671e+00
9.850800311186752589e-01
1.052870746976598548e+00
1.229438711000257811e+00
1.195779075155111171e+00
1.160766199144920963e+00
1.227389426744913026e+00
1.169350292405364256e+00
1.091249620914088059e+00
1.124787675853106794e+00
1.184376645500542002e+00
1.150961768628514292e+00
1.044271779054623872e+00
1.002282774703577850e+00
8.762069027923615749e-01
8.759891948241537163e-01
7.955602223061952749e-01
8.345232946339038449e-01
8.949960353341138708e-01
7.902304968816707964e-01
8.649231982486338399e-01
9.265405695357680216e-01
8.366373069715181687e-01
8.182728849879720157e-01
7.720974848812877100e-01
7.695480239942609213e-01
7.786729560711245224e-01
7.462460630003419082e-01
9.242825814103977633e-01
8.910875895256945567e-01
8.982720121968226223e-01
9.520324479800009732e-01
1.069512144212786398e+00
1.032219698116248585e+00
8.027816385547447142e-01
8.888191183243084881e-01
8.363901965965758745e-01
9.179655407782443266e-01
9.047364964010128352e-01
1.014360336927385697e+00
9.037469833976661260e-01
8.355577758935943677e-01
8.683515242503222487e-01
8.353113315710842812e-01
9.271642849465959735e-01
8.531882512744453084e-01
9.472252588249961969e-01
8.132086261896096513e-01
8.354446426197041919e-01
8.571695228356034368e-01
8.121356651861504350e-01
8.494870959675328015e-01
8.592228886110865327e-01
8.427801972691557619e-01
7.093972451786516586e-01
8.000354002140086518e-01
7.918668572124789584e-01
7.337464445930261814e-01
7.651150023856635451e-01
8.227416730387872024e-01
7.814692492667987267e-01
7.114806052932781677e-01
7.091598642850338585e-01
7.174334758693833303e-01
8.348099981367865796e-01
7.670755798937732850e-01
8.243457434455890853e-01
8.554668841622142805e-01
8.786713585315829578e-01
7.966908436938148208e-01
7.676848446152257921e-01
8.196739374146937429e-01
8.962213034869802586e-01
8.530889388937117346e-01
8.505658631612466047e-01
9.696060808466238079e-01
9.883539332053975501e-01
8.497189754489198332e-01
7.715808577502029086e-01
8.823262577785560001e-01
8.641587825879084583e-01
8.489726226371121509e-01
7.842086120453106712e-01
8.075465259829834874e-01
7.915954422912130362e-01
9.141680304453682071e-01
1.034765925643050588e+00
8.754777205210655389e-01
1.000128987186415408e+00
9.868855133213273456e-01
1.013539155517459767e+00
9.058492335404173534e-01
9.142614176558104822e-01
9.548889550503166790e-01
9.530826057548035246e-01
8.524714516387883467e-01
1.001303785815072844e+00
1.047615644092204645e+00
9.523152723990528923e-01
8.735899520921398542e-01
9.984760634798042211e-01
9.945525607654904787e-01
1.021897213750530442e+00
1.145304473508669707e+00
1.077857959884033656e+00
1.033846404484219716e+00
1.033346384859887834e+00
9.148686470086342393e-01
9.478750439676121298e-01
1.134864148689887386e+00
1.028431002689561335e+00
1.044212879360984392e+00
9.583374705377494251e-01
9.835899033235266931e-01
8.560973703872801766e-01
1.066579652272477974e+00
1.015783686902075766e+00
9.483241498950345516e-01
8.395979656598915319e-01
8.982998748173000036e-01
9.385643828399684585e-01
9.226381046131192365e-01
9.097132602192392614e-01
8.565207445888630700e-01
8.213046702723325598e-01
8.501147558971061668e-01
8.211558649097226992e-01
1.018416143851409439e+00
8.067874155099562516e-01
7.717765195569171732e-01
8.785737673767189948e-01
8.792891529649322635e-01
7.854240097690189382e-01
8.282093760344396705e-01
8.241116846231127946e-01
8.898903144592272829e-01
8.665251577032364594e-01
8.828486232225128960e-01
7.966363193903811535e-01
9.701060540801849097e-01
8.900926188710024389e-01
9.629297234733740218e-01
9.003454159995466499e-01
8.999174845740883777e-01
1.009426505221519443e+00
1.076686511861949080e+00
8.181359664459242342e-01
8.472155031329630104e-01
9.379114469423599498e-01
8.913450094200547902e-01
8.119146597877926474e-01
8.805677429576457271e-01
8.436758768199686953e-01
9.105538142967446458e-01
8.082343648720277107e-01
7.577284899100793503e-01
7.696514043076215783e-01
8.751307918296583610e-01
7.942934823077102413e-01
8.806373469686388233e-01
5.464708558533077909e-01
4.853976821879329440e-01
4.906079198414631803e-01
7.309313431567141528e-01
9.489362068155013930e-01
9.919369793194161566e-01
9.594621533402818425e-01
8.286117566994454231e-01
9.012271766080406366e-01
9.651274482724725434e-01
8.891574621362302588e-01
1.073418746147019487e+00
1.113214142809803908e+00
1.039760772470887495e+00
1.120629323807319944e+00
1.117947486365672871e+00
1.076629705263172365e+00
1.082016927834558828e+00
1.110138536268848508e+00
9.908366216780799540e-01
9.288340442127189789e-01
1.222738548915437651e+00
1.065563736556357721e+00
1.258730061339112805e+00
1.276406970934230500e+00
8.760857948352842595e-01
8.315831524430719046e-01
9.315892473714417754e-01
9.548396981829337937e-01
9.700314946069974464e-01
9.868274762679916101e-01
9.808929975417510772e-01
9.443121489681070013e-01
9.984623141388571099e-01
9.789885549823270638e-01
7.797615401415954883e-01
1.064387354703582700e+00
9.577731668395011999e-01
8.765900128231626232e-01
1.009423339048880042e+00
1.231213097064248974e+00
1.064593093774881316e+00
1.053078996992305338e+00
9.781231774867025219e-01
9.870401015191939686e-01
1.099507665428675507e+00
1.038514808805339973e+00
8.913359076025905159e-01
1.028171901096553986e+00
9.855250505443533537e-01
9.559430858574489154e-01
9.438224019223495631e-01
8.744851422899105886e-01
8.555063390578431237e-01
9.539808826501121608e-01
1.028374815521046814e+00
8.996916971804673757e-01
1.082578332269516386e+00
1.108962708434060307e+00
1.055589709997120540e+00
9.255849845286900912e-01
9.503013732721674600e-01
8.854034296095504297e-01
8.774854339181009655e-01
1.069726619308041027e+00
1.006445922688186112e+00
1.086882288036679967e+00
1.135918061811805435e+00
1.004067817766808535e+00
8.647899490025784397e-01
9.615535321916515166e-01
1.001873762639366561e+00
8.984983442094403028e-01
8.365655667641974658e-01
8.667767507866961374e-01
8.566479244210731814e-01
1.019669849467828238e+00
9.248094882254525029e-01
1.014628319917183719e+00
1.275008193700205572e+00
9.659351126835776791e-01
9.052060441915242839e-01
8.276412317782699812e-01
1.005872827708989448e+00
1.254676998863577753e+00
1.131840187281891286e+00
1.156439940512540732e+00
1.153511202141126679e+00
9.954137682760326733e-01
1.019808453985496577e+00
9.541192080246609919e-01
9.701919479717421302e-01
9.676875533411372077e-01
9.787661182862686937e-01
9.022111144503676128e-01
1.010534959433156965e+00
9.874361987821492770e-01
1.046275307307800828e+00
1.121089623415325365e+00
9.511061697186948827e-01
9.410454990284166099e-01
1.002584556520979442e+00
9.930927004854949169e-01
8.710143559736243102e-01
1.207298861299198389e+00
1.218654463849360603e+00
1.171225478422172062e+00
9.454769369824272962e-01
1.149829997255677361e+00
1.342262802826960977e+00
9.576892372228578143e-01
1.106030634996894246e+00
1.121916610957894189e+00
9.300477962724316150e-01
1.233355551534029537e+00
1.263432550039810254e+00
1.146704173988089881e+00
1.255889756629326337e+00
1.177601844047257096e+00
1.091558424418684448e+00
9.479635586559954641e-01
9.211419414710330100e-01
9.191152913099835953e-01
8.756970445830453142e-01
8.991522609255266918e-01
9.290444494615260895e-01
9.068253444320525380e-01
8.397044415603239775e-01
8.172944688198546803e-01
9.298902321920057279e-01
8.719607663264280495e-01
9.067824572011013995e-01
1.040901806074221447e+00
9.488393832544438355e-01
9.627223265504459837e-01
9.536104912235640052e-01
8.951309880248048412e-01
1.016028804732636681e+00
1.084440632967883067e+00
9.636505305178363345e-01
9.781812495820216835e-01
8.618240586244135804e-01
9.839051375555548651e-01
8.938143725323572930e-01
9.068163555327712899e-01
8.475022954070925429e-01
9.029311934759151059e-01
8.586764691550776707e-01
9.252249796565689133e-01
1.030458989037180473e+00
9.572898465638870480e-01
9.128238055437478682e-01
1.047235159318453679e+00
9.082534022090548165e-01
7.984530084709878794e-01
1.020353455388056219e+00
9.586950541574520424e-01
9.144980000056662783e-01
9.827897786434283134e-01
9.012396690363788654e-01
9.127527367278724935e-01
9.681109505678500149e-01
8.210756988482262875e-01
9.336930650336738857e-01
9.831281320094512610e-01
1.029218319813904658e+00
1.059939684246441693e+00
9.395241069374126175e-01
9.472492717853162603e-01
1.013257525191782360e+00
9.499147204197950778e-01
1.066838499508284910e+00
1.022161742098931070e+00
9.934506145450168191e-01
9.844484770411751073e-01
1.031374093075279941e+00
1.029181430430340827e+00
1.020117045239995912e+00
1.032409575837351934e+00
9.713979430507213575e-01
1.024542690404359302e+00
1.126049485332702105e+00
1.043499060854759852e+00
9.264093760071919759e-01
8.796245998923235554e-01
7.807896742339491825e-01
8.463384779940056335e-01
8.297048498031920349e-01
7.657880570913743190e-01
8.551952884953485379e-01
7.025464053162042699e-01
7.338594148874887368e-01
6.988355897444139542e-01
6.979143138146043368e-01
7.918673642025637616e-01
7.306754617981628952e-01
8.077884668544447200e-01
8.244653260368975944e-01
6.722853619739930231e-01
7.639002407757480295e-01
8.178679572013178856e-01
7.674181347214291682e-01
nan
1.716359151199317590e-01
7.742754101690735302e-01
4.332497457392051610e-01
4.484588646902869236e-02
6.103168798071338941e-01
5.998335713012663550e-01
7.094706907758662195e-01
7.921036326121317916e-01
7.485134734778094989e-01
8.044553321469580798e-01
7.694069837234277509e-01
7.162722240118704065e-01
7.835053093064948682e-01
7.181515495531011206e-01
6.229591618720413670e-01
7.071817841198179133e-01
6.502780091808035845e-01
7.270718592271278036e-01
6.829732746974191970e-01
7.243918592562592629e-01
7.196194432535986119e-01
7.404801276902895912e-01
6.547757012069833626e-01
5.970084266912754067e-01
7.089731666868623883e-01
8.485813648445886814e-01
7.155058827147872114e-01
7.192190157327186251e-01
7.834135567720471593e-01
7.558871584881017291e-01
7.308602505716410569e-01
8.028765739733448870e-01
8.706750348748901747e-01
8.384279528705180784e-01
8.589847980129113880e-01
7.982566677347200379e-01
9.542663862212755754e-01
8.740135450218375901e-01
8.451665992483581302e-01
8.671176602714673054e-01
9.370960370918428595e-01
9.943651362680829831e-01
7.840089851465887882e-01
9.066454076749149715e-01
9.004172233685949767e-01
8.648911986922450668e-01
9.653461986764614311e-01
9.744903305344856381e-01
6.429566974874910690e-01
4.870786047749509073e-01
2.244295896436581117e-01
7.710904641912478263e-01
1.009635234551292005e+00
1.045878415896607461e+00
9.681433698813498578e-01
1.043266814677893395e+00
1.011147548162833365e+00
1.143569340197244877e+00
1.232560533576006367e+00
1.156563178346644571e+00
1.142362500140892134e+00
1.297909769760854148e+00
1.200562648699837309e+00
9.770031091676436574e-01
1.228796153583715745e+00
1.204067631724113241e+00
1.213166009896224251e+00
1.160647549644192145e+00
1.196138097649164456e+00
1.109655199410140458e+00
1.229055070581408060e+00
1.241640367898964259e+00
1.127663530311324491e+00
9.067386909858986543e-01
8.728668876452886360e-01
9.097546878392203107e-01
9.444487954532991836e-01
9.548588504369683871e-01
1.138939089749176237e+00
9.736547182392353283e-01
1.052533207041711716e+00
1.123296137999998834e+00
1.033488575039305912e+00
1.234821559281633618e+00
1.195025035564190485e+00
1.074844301780785383e+00
1.175031087179798872e+00
1.002348773237899060e+00
9.477850123818157835e-01
1.044717132963434381e+00
1.094332390290839507e+00
1.071451901609917323e+00
9.250708683825529244e-01
1.216707988930417539e+00
1.039550194693789509e+00
1.081601734161741435e+00
1.023602621125623280e+00
1.095623612734813790e+00
1.045515114830820380e+00
8.588573134782628848e-01
9.175378401712276366e-01
9.195573785510678944e-01
8.789234635453783140e-01
9.968733731458473413e-01
9.368082160262337643e-01
1.121109411580897497e+00
1.128716865780314160e+00
1.140545637391880973e+00
1.052820020800262490e+00
9.467491344768140804e-01
9.035308740423714235e-01
1.039001587779888380e+00
9.910245703485366375e-01
9.582691269812295687e-01
8.842257927903696135e-01
7.500653082227002333e-01
9.049159310424244040e-01
1.168314683626154205e+00
1.070331546947472123e+00
1.200052447651812626e+00
1.113873668706422349e+00
1.122369504009101293e+00
1.088200294250541544e+00
1.108703249257926293e+00
9.344486466363289834e-01
9.476391685865857006e-01
9.312617525464701451e-01
9.177942437276076504e-01
1.021885122997574280e+00
9.168216318800807008e-01
1.137779682699936679e+00
1.049458819641417628e+00
9.449477349003250204e-01
9.704620972261357448e-01
9.682846279793522193e-01
1.021708424607548071e+00
1.047332567478143739e+00
1.187695370422360286e+00
1.065187695051620809e+00
1.026887577196212931e+00
9.052563858939253194e-01
9.211621157805085502e-01
1.167689690837663052e+00
1.135766053957475430e+00
1.134974870315159201e+00
9.893751595938955479e-01
8.748165826114702170e-01
9.412884265007880336e-01
9.537848281775684889e-01
8.406002816293290936e-01
7.887593256331449920e-01
8.572895435357603677e-01
7.749119710543832529e-01
7.793728949741922651e-01
8.425251677580496423e-01
9.607309758770262720e-01
9.650199190318181630e-01
9.655090515184268085e-01
9.906599529536362914e-01
1.005361875248244052e+00
9.850269566422249490e-01
1.059352582544883292e+00
1.152852124373735077e+00
1.214886900500549372e+00
1.121599082687575244e+00
1.045260945187229673e+00
8.892594461695856323e-01
6.551926626231984185e-01
2.204824282202300922e-01
3.093965174690704312e-01
2.071329209532746518e-01
2.850162690683665651e-02
6.769539956721841722e-01
7.718290943440212493e-01
6.078092542539333953e-01
4.642821881196635303e+00
nan
nan
nan
nan
nan
nan
nan
nan
nan
nan
nan
nan
nan
nan
nan
nan
nan
nan
nan
nan
nan
nan
nan
nan
nan
nan
nan
nan
nan
nan
nan
nan
nan
nan
nan
nan
nan
nan
nan
nan
nan
nan
nan
nan
nan
nan
nan
nan
nan
nan
nan
nan
nan
nan
nan
nan
nan
nan
nan
nan
nan
nan
nan
nan
nan
nan
nan
nan
nan
nan
nan
nan
nan
nan
nan
nan
nan
nan
nan
nan
nan
nan
nan
nan
nan
nan
nan
nan
nan
nan
nan
nan
nan
nan
nan
nan
nan
nan
nan
nan
nan
nan
nan
nan
nan
nan
nan
nan
nan
nan
nan
nan
nan
nan
nan
nan
nan
nan
nan
nan
nan
nan
nan
nan
nan
nan
nan
nan
nan
nan
nan
nan
nan
nan
nan
nan
nan
nan
nan
nan
nan
nan
nan
nan
nan
nan
nan
nan
nan
nan
nan
nan
nan
nan
nan
nan
nan
nan
nan
nan
nan
nan
nan
nan
nan
nan
nan
nan
nan
nan
nan
nan
nan
nan
nan
nan
nan
nan
nan
nan
nan
nan
nan
nan
nan
nan
nan
nan
nan
nan
nan
nan
nan
nan
nan
nan
nan
nan
nan
nan
nan
nan
nan
nan
nan
nan
nan
nan
nan
nan
4.364112423054741785e-01
5.309408543058622421e-01
2.510423417111506961e-01
1.888071090384756678e-01
1.095446719582259532e-01
nan
4.777134210807935655e-01
3.185642342490390133e-01
9.181380759179509632e-02
3.652504257871693194e-01
2.647075419603341917e-01
3.824807404203767885e-02
2.311412814141863559e-01
6.254018132407994368e-02
3.694703245832064442e-01
1.041262768371933323e+00
1.053361803797521132e-02
2.749796358369730690e-03
1.279543447113223008e-02
1.169837094212255596e-01
7.167845532533311248e-01
3.527859373529960707e-01
1.376487778464857425e-01
1.244217104963440290e+00
1.432656914653221980e+00
2.211592249019544543e+00
1.135923658908006617e+00
1.081971153224917437e+00
6.465018567926393844e-01
1.157336580162321660e+00
1.185122225547493802e+00
9.733993888280614293e-01
9.257449990847047561e-01
2.621485894093813496e-01
4.344168252308089340e-02
1.452128515288892210e-02
2.111898232550868827e-03
1.572455987249353135e-02
9.639108093737415450e-02
3.809664467692056022e-01
9.693167434119115411e-01
9.594193146820582108e-01
9.595476616036734407e-01
7.856749685781320158e-01
1.002018397239488490e+00
1.047488504303371482e+00
1.179952682554813004e+00
8.912559100212936736e-01
1.055587209425166595e+00
2.300033289971994410e-01
4.935268752043813628e-02
4.576698226257171556e-03
9.366506020846345759e-01
5.350374112723954578e-01
1.658070316132897459e-01
2.430445280697364208e-01
1.149687168255022623e-01
1.946032824120669802e-01
1.600581877629143335e-01
nan
3.628917592117203439e-01
1.598221034023883380e-01
1.978191448100919889e-02
4.740074094023758455e-01
6.826818046761720105e-01
8.053933221001712273e-01
7.763820580007282368e-01
1.119726087723190489e+00
5.704432422494036814e-01
1.952834668385201866e-01
6.382250167588776613e-02
4.289910036585999897e-01
5.018238774486186715e-01
7.641558747001346852e-01
1.106042284923022034e+00
9.352979230912124020e-01
1.083175149118784208e+00
1.155524595869472870e+00
1.044247765353977897e+00
1.058699384554753875e+00
1.116514595908734142e+00
9.100418318419165598e-01
1.000265459124178857e+00
9.653726953089456497e-01
1.167716689871105773e+00
1.088475207202101780e+00
1.086247861006831350e+00
1.210687762105083110e+00
1.162249724726050815e+00
1.035759990815603659e+00
1.129334684517896648e+00
1.025241671882513916e+00
1.109057872956064505e+00
1.081299861218173675e+00
1.021035664804661458e+00
1.046236812968919683e+00
9.926085272907777535e-01
8.323951678563447087e-01
1.005218398086301423e+00
7.822379803499152073e-01
6.367899359698032669e-01
8.655483658409014458e-01
8.565160636071931233e-01
9.022721555265895699e-01
8.382319478463159390e-01
8.468066657921282658e-01
1.059331992779401599e+00
1.005676418344596312e+00
1.009761642423622874e+00
1.118746485638537180e+00
1.262139975830782745e+00
1.184512763025165727e+00
1.159668396601102547e+00
1.033139581806307383e+00
1.144599036434083228e+00
8.973575650374576718e-01
1.091796799192578993e+00
1.025135727015385800e+00
1.088067034223745511e+00
1.065769047816890858e+00
1.158442396682842768e+00
9.829143067460479610e-01
1.222374480678420694e+00
1.168270893290801249e+00
1.168773452495565968e+00
1.158367981098258559e+00
1.192565932147225727e+00
1.217125465839671961e+00
9.956301544797245828e-01
9.709476454865472173e-01
1.036531153118650961e+00
9.651470151807385323e-01
1.060575630336733077e+00
1.036096245368064439e+00
1.208216317822146557e+00
1.273054106267788255e+00
1.177522543083326489e+00
1.122130389990029231e+00
1.172341713646830375e+00
1.226524527693464872e+00
1.180527571165218559e+00
1.355478738653775217e+00
1.285956714035818127e+00
1.282942703691682951e+00
1.205767413646828157e+00
1.167980756117401375e+00
1.066075756546710940e+00
9.558059230830302511e-01
9.470391147423636857e-01
9.570687845188941001e-01
9.597179359918555086e-01
9.036178545184646582e-01
9.611390749665641442e-01
1.246848834294103980e+00
1.197667909040343925e+00
1.295391906567242790e+00
9.493086610402386993e-01
8.588117050992558621e-01
7.812709269659218192e-01
8.137525999267860577e-01
7.931007653678401326e-01
8.490232686600729384e-01
8.757692520973889838e-01
8.062609376644865877e-01
9.701622180523926664e-01
9.912793865532365523e-01
9.734353687359820206e-01
8.693203542303233888e-01
7.639542534313371602e-01
7.960076226688739265e-01
7.689603663006037149e-01
8.968217013661271553e-01
1.054531765592063852e+00
1.230933371719055369e+00
1.159344584655767285e+00
1.241572212893699456e+00
1.304198855984113559e+00
1.067480240229941924e+00
1.150822963386233022e+00
8.796195579323422553e-01
1.008782433237039200e+00
9.526323611690500348e-01
1.036518465748032636e+00
9.710458227365853512e-01
1.008337114400871704e+00
1.269899047248786550e+00
1.271043996453728786e+00
1.114926043183862570e+00
1.050178279922171276e+00
8.142637516485187188e-01
3.814699983527049532e-01
7.171920529415671819e-01
1.011217411170230784e+00
8.985377521091393316e-01
1.162908326467475550e+00
1.036690260590698465e+00
1.051917984855359256e+00
9.682365857509431795e-01
1.114270981436154662e+00
9.438013724472428256e-01
1.060480925411100062e+00
1.187209263105728940e+00
9.945780339247984880e-01
1.036587076795028928e+00
1.094961489239753005e+00
1.004687733524562088e+00
1.021242805271311838e+00
9.869139177507945115e-01
9.818129776868540493e-01
8.765905346168489931e-01
9.480680105388995527e-01
8.399963598899040651e-01
8.173080685300787573e-01
8.210881544091452877e-01
8.403398564091751899e-01
7.744127646338535564e-01
8.485385698689328349e-01
8.873272670462253320e-01
8.496625307775595992e-01
9.809689735120484810e-01
1.107900460914342355e+00
1.155108904199253272e+00
1.149522226651990886e+00
1.131250054585924758e+00
9.303135643739873784e-01
9.262835907402597879e-01
9.641165936598591335e-01
1.010201945987343031e+00
1.019226172875248970e+00
1.029039892807978473e+00
1.018257813925946609e+00
1.114142263182311909e+00
1.048513931009890543e+00
1.270850357294207367e+00
1.009621531520292770e+00
9.751569687527396058e-01
9.219242192042059747e-01
7.893561243769512403e-01
8.442056868355041210e-01
8.187947064585872070e-01
7.808984403333664170e-01
7.435392513816806437e-01
8.928047438640004385e-01
1.060524327487277318e+00
9.708931553155968341e-01
1.034893161805337858e+00
9.651004502844615640e-01
8.606217701812410859e-01
8.523742807384261377e-01
1.112188242407093242e+00
9.675463276852999117e-01
1.262906184495761863e+00
1.193754562120826979e+00
1.009201318805970304e+00
9.136787014405773899e-01
1.039606199658783758e+00
1.018447691827575330e+00
1.108187554634126215e+00
9.469150423989998178e-01
1.034294202054861556e+00
9.709097516326108401e-01
9.614126812621235363e-01
9.227552371438444423e-01
9.331186939574799277e-01
9.491135102937772183e-01
1.143363075269888895e+00
9.523502856791972171e-01
8.085133373030771731e-01
9.742095977220909253e-01
9.629465313859867370e-01
9.378959919597094075e-01
9.291981178186283774e-01
9.754319580736505735e-01
9.979393522112394166e-01
7.925420527306985541e-01
8.703255908392658613e-01
1.033876592373015324e+00
9.412982164042429378e-01
9.327517817555777135e-01
9.210176804514950133e-01
1.051344448817375543e+00
1.086382881059424266e+00
1.004746254903974290e+00
9.052259564953014648e-01
9.395037921304436601e-01
1.025767141223398404e+00
8.720351419971540397e-01
9.797813347106856252e-01
9.819008678802564338e-01
1.066015952151076807e+00
1.031418361112961479e+00
8.943012442638506032e-01
1.100774914333633614e+00
9.467039011852516062e-01
9.603578534017676027e-01
9.370809621070984585e-01
9.827409953999719505e-01
9.058722419222965394e-01
1.004125984538464911e+00
1.008183715322160889e+00
9.394213785560723284e-01
1.131088960215877348e+00
1.057806748446580070e+00
1.048504160175441902e+00
9.949690401137269991e-01
9.957895916183794327e-01
1.072980151476265354e+00
1.018712107775391340e+00
1.146236938209860501e+00
1.100980736954050299e+00
9.311641748886118064e-01
9.994371261652625904e-01
1.016895021243249042e+00
1.050161420740754581e+00
9.632987003353895572e-01
1.103453648958175659e+00
9.167701801411699547e-01
8.090216471840752099e-01
8.398507572448743463e-01
8.432116018023680937e-01
8.864899135469425095e-01
8.273837815550019181e-01
1.068522782570499263e+00
8.894759723933529649e-01
1.016523777084970437e+00
1.041726697406937241e+00
1.018745249813749476e+00
9.542408736402988589e-01
1.040508330295887296e+00
9.580361868901453581e-01
9.683404276551441647e-01
1.008074711096147213e+00
1.077995159510739320e+00
1.130930877753940189e+00
8.773669182772524389e-01
8.983603795713850371e-01
9.541141139235781443e-01
8.159643590176604011e-01
8.905851729470055655e-01
8.776748709859706343e-01
9.243068536862630857e-01
8.438854912115240081e-01
9.014141489717882871e-01
1.055918320796978227e+00
9.761946013729434490e-01
9.452910307154293035e-01
9.997468274990450876e-01
1.048917605631211947e+00
9.714084977869166249e-01
9.446203342763904720e-01
9.785815247643081527e-01
9.159187400167788651e-01
1.013961285798312462e+00
1.161228190627632495e+00
1.129170525163841088e+00
1.084342406329455555e+00
9.985439339947240756e-01
9.655410318406975057e-01
9.340084673497436318e-01
1.166232878722587518e+00
1.217368072984625682e+00
1.088345008498399213e+00
1.052768910316275619e+00
8.943658150484105063e-01
1.136638124429410368e+00
1.142270400102964212e+00
1.025451017992679681e+00
1.030962996804866805e+00
9.570861345864691838e-01
9.150304639898130254e-01
9.031868319272007284e-01
8.930928694193858153e-01
1.184934491859795935e+00
1.002615625984993653e+00
1.016393699694429387e+00
9.647408348399296729e-01
1.169847010683835231e+00
1.133492865341392930e+00
8.708269712327381118e-01
1.048912460354503029e+00
1.219617575298139078e+00
8.929852752912027514e-01
9.147700281735853256e-01
1.062872504426762621e+00
1.166282860774720431e+00
1.293898353146306412e+00
1.240302402225004652e+00
9.793611154692991594e-01
1.104848959413150533e+00
1.023535035294765194e+00
1.074141574081571626e+00
8.856329577979007439e-01
9.634325964650941598e-01
9.773230060296914656e-01
8.579576025002448869e-01
9.929302856440408442e-01
1.108879886764900791e+00
9.687075298414021818e-01
1.070587211516969450e+00
9.569952681612994283e-01
1.102399277080824636e+00
9.798200151814510095e-01
1.011738680600025253e+00
9.987934797431424760e-01
1.030877234450805036e+00
1.163296815533030992e+00
1.176969045891497867e+00
1.326867961968861476e+00
1.074998876441499940e+00
1.020951215849634997e+00
1.128131998594210206e+00
1.043594391024911028e+00
1.058011945772524776e+00
1.168828414926334380e+00
1.137974518575570748e+00
1.027657680637035220e+00
1.092230524214659493e+00
1.073844387625381369e+00
1.008567687004253033e+00
1.122818369428211449e+00
1.111306404225419486e+00
1.044821171015447803e+00
1.056735842422038774e+00
9.798803196875361943e-01
9.732274999119291392e-01
8.944266230719328803e-01
9.694989950485370933e-01
9.509495808035888231e-01
9.846511598394126485e-01
1.031084187758612103e+00
1.100511272853106348e+00
1.019973402238479210e+00
1.005817888628707246e+00
9.775421978505711706e-01
9.036725528670596086e-01
8.852512544293126284e-01
1.008485961711824697e+00
8.662762691272790638e-01
9.301122267148214107e-01
9.153763914816189784e-01
9.952272125655446944e-01
9.567507192831053997e-01
9.325435112590192421e-01
9.044954992035957320e-01
1.007046109509956100e+00
9.492712150669618820e-01
9.131229821310392625e-01
9.226157130182457422e-01
7.970849001723139260e-01
9.822895750286172456e-01
8.408138433503611342e-01
9.340293616652153297e-01
7.792265165012484118e-01
8.315564883615113034e-01
9.356663509250744415e-01
8.383237970787081883e-01
8.387739854107854054e-01
8.140219543461802987e-01
9.340289839185739185e-01
7.498371187405998839e-01
8.179812167909739085e-01
8.230037156590505054e-01
8.455072896376440994e-01
8.094373261134361064e-01
8.473518773400244841e-01
7.987560274034267715e-01
8.229615306436867117e-01
7.632599964418652627e-01
8.342792486291586984e-01
7.982145937141593706e-01
8.174223663350073110e-01
8.708589860381718006e-01
8.105030793509060416e-01
8.979846558213329111e-01
8.697023761136005726e-01
7.850959277096332123e-01
8.548052007094550930e-01
8.158308879709360584e-01
8.310937548643685391e-01
8.430962302638711492e-01
8.706238260751542057e-01
7.904942595388401161e-01
7.953242480662213731e-01
9.180237432438473899e-01
7.826359511578192540e-01
8.595551713154191420e-01
8.088123672857620017e-01
8.655194880698499071e-01
7.927595224396032370e-01
8.605508622915005734e-01
8.673977658794044254e-01
8.442720424097680532e-01
8.257459862583288457e-01
8.174648285129941794e-01
8.239866555822221716e-01
8.374370082254324332e-01
8.971069459256363343e-01
9.533444960115062816e-01
8.731016878477810828e-01
9.507366456220807116e-01
1.015737780704331517e+00
1.027429761585332946e+00
9.909910234406636986e-01
9.339240249721367793e-01
1.021716531687159257e+00
1.060529860249345591e+00
9.370518934634969321e-01
1.006650067553379158e+00
9.873274665721382126e-01
9.214984446642822125e-01
9.845690289883093360e-01
9.385859641088476479e-01
9.246073752950813018e-01
9.170605195492248507e-01
8.816995182929139308e-01
8.735037484261333196e-01
8.556305902593727142e-01
8.879214800569217303e-01
8.748290736306725268e-01
9.008341656481211324e-01
8.213079573260747557e-01
8.087680743630517588e-01
9.024171175005165635e-01
7.807097062162106083e-01
8.676001371915533777e-01
7.421057409086991852e-01
7.478800968291635654e-01
7.477504690406056032e-01
8.503621924134701082e-01
8.599411365717974931e-01
8.662728935284225162e-01
8.288139570125909739e-01
9.054478700507045952e-01
7.855356323185673784e-01
8.874743359122354569e-01
8.351050168252970307e-01
9.178418597721751393e-01
8.164495884615766697e-01
8.952262101241286185e-01
8.538873279085790191e-01
8.236861072678515194e-01
9.201201124721662961e-01
6.469630262383579966e-01
7.464673813917401812e-01
7.778438976058900112e-01
8.945500426537433825e-01
9.306154038220270097e-01
8.968171846071959497e-01
8.692991456172691755e-01
8.872804020813850334e-01
8.110243754131166716e-01
7.845416761121835059e-01
1.017139173705939648e+00
1.031568711802142602e+00
9.569164318845332362e-01
1.007851384207956169e+00
9.963743056136751264e-01
8.746441644146489836e-01
9.556967549942201323e-01
1.068167911217061006e+00
1.012319456819065433e+00
8.831802357322023900e-01
1.014581654196638816e+00
8.996748754724750441e-01
9.406966421439759696e-01
9.304280608093016269e-01
8.917262060947910296e-01
1.021237881453174179e+00
9.423190897888854556e-01
9.776408008148969042e-01
8.958224107035896999e-01
9.341270911757181272e-01
9.055876671614829787e-01
9.630749038898863690e-01
1.044810171489637174e+00
1.025646265638777477e+00
9.998852655757469732e-01
1.141974669979087587e+00
1.121231227595671953e+00
1.119988723290441301e+00
9.876860939617129187e-01
9.805420045570071297e-01
9.536254467799023526e-01
1.020675227708311761e+00
1.224468566893500698e+00
1.289153067185748958e+00
1.161084676214018119e+00
1.110500869603039398e+00
1.307294788578025280e+00
1.342102991848511673e+00
1.401633447369883934e+00
1.298551608453183626e+00
1.241980489435722701e+00
1.310794516208656058e+00
1.223350867564696687e+00
1.159550658312371807e+00
1.176500461709460099e+00
1.192819032970157345e+00
9.224536076283066377e-01
8.850879879787434401e-01
1.193812664651092259e+00
1.235864363127239018e+00
1.084395150641871641e+00
1.116805133642520653e+00
1.082936415046427570e+00
1.226694379631739551e+00
1.329555894448467557e+00
1.185731174568841251e+00
1.190143188440552890e+00
1.324083845136672322e+00
1.317562807520025858e+00
1.258570808730483437e+00
1.114743187063054197e+00
9.872455057727088645e-01
1.032521269413473997e+00
1.207753845213983546e+00
1.257009066945345976e+00
1.336334254872285632e+00
1.195925265676777371e+00
1.219889530542613842e+00
1.103060311110713565e+00
1.087088773994868474e+00
1.055969853922608781e+00
1.024716179337391564e+00
1.266496809852178940e+00
1.174192611582655310e+00
1.169767998541951126e+00
1.342763104712890065e+00
1.135829399328157185e+00
1.249973293555174170e+00
1.089161404425385893e+00
1.154654760826342663e+00
1.162639352484298172e+00
1.159890365996422368e+00
4.310170609721444834e-01
1.687434615725302289e-01
5.113983489526153781e-01
1.220478526113886186e+00
5.141199414311011795e-01
1.209480932101827250e-01
6.821379897775334822e-01
1.227757821400531135e+00
1.264078837920823206e+00
1.309936859441782397e+00
1.230636079029460594e+00
1.128924194989141094e+00
1.226795296340070562e+00
1.096419438594086859e+00
8.760802319140201799e-01
9.302397494663816602e-01
8.319159173678565278e-01
9.331473320756978884e-01
6.141601332788535483e-01
9.853481754131632186e-01
1.057664571448151847e+00
1.166499926563253853e+00
1.160528600056509818e+00
1.214079158386327073e+00
1.245065488742760351e+00
1.204919830012098680e+00
9.574149941462855029e-01
9.670894485364178728e-01
9.298493127169862316e-01
8.367265107105806843e-01
8.583317090476042521e-01
8.661107972953793199e-01
9.071019525460294330e-01
9.643928765251489343e-01
9.050109259223765301e-01
9.502284296072281977e-01
1.241407180089793449e+00
1.110262076918881569e+00
1.189397465595655179e+00
1.132293466058850839e+00
1.141633358235534246e+00
1.008273973485305675e+00
9.022221170988962147e-01
8.009310482201663639e-01
8.973537933008574052e-01
1.046355070695177192e+00
1.165401955913908827e+00
1.088368457503003928e+00
1.121829485256055303e+00
1.054780948866380852e+00
1.001588682243273576e+00
9.266955062939926657e-01
8.860412592084897510e-01
9.072915674044498280e-01
1.037835577959989708e+00
9.918564731811800872e-01
1.037696828990950948e+00
1.136622269657095341e+00
1.228253284192495576e+00
1.239556910319096206e+00
9.975781998645658621e-01
1.070906120916747417e+00
9.677990402305542972e-01
1.123654370198913455e+00
1.113377223587122655e+00
1.041498945115094665e+00
1.065951173341143532e+00
1.284773201915423435e+00
1.050434407831752237e+00
1.227944463705294309e+00
1.018829839917208435e+00
1.041445938345962441e+00
1.202041524014841656e+00
9.896562589334444437e-01
9.608488750880783691e-01
1.064857241702026780e+00
1.116782313429367068e+00
8.934014485171343223e-01
9.607793282412433467e-01
8.899284412942730649e-01
9.460565676243721800e-01
9.770687997144470449e-01
9.465661279819148621e-01
9.521702033093534245e-01
1.100565117734196408e+00
1.162947027999513772e+00
1.248530795645575120e+00
1.122684078187864420e+00
1.151448438932885399e+00
1.109737206567749102e+00
1.103802332479315362e+00
9.784536382721310543e-01
1.086206572478802368e+00
9.323381159890495873e-01
9.863022973810980920e-01
1.707085578207650167e+00
9.079825155098382172e-01
1.000472160999412718e+00
9.945538094069260593e-01
1.122292951499490155e+00
9.214105315074180291e-01
9.725611034221551821e-01
8.462192427450572207e-01
8.546717183014630459e-01
9.101016730434675628e-01
9.565838990583790391e-01
9.318786796906033398e-01
9.233086898838612777e-01
1.033537928092579605e+00
9.460376488569748332e-01
9.412664214390232820e-01
1.054951695845142590e+00
9.638223567038811668e-01
1.012334447795643744e+00
9.465310910492398255e-01
1.021225618701034010e+00
1.079312344266743384e+00
9.211220188494307903e-01
9.374869301941496369e-01
9.199474218536479730e-01
8.417461062317149745e-01
8.381636795525125860e-01
8.553328560508007827e-01
8.902953552465989739e-01
9.548650913304191912e-01
9.648136533713048690e-01
1.127323288683456770e+00
1.157880777590448051e+00
9.843547644450792999e-01
1.091998883961576183e+00
1.025197990361741862e+00
1.089764238397871177e+00
9.597966257908614462e-01
1.016520706244182559e+00
9.450894110997019038e-01
1.041121973527480593e+00
1.046366020465949287e+00
9.498329630575701454e-01
8.863215581504741980e-01
1.079611939019813782e+00
1.005644465860755510e+00
8.994909397971582177e-01
9.634000376321726344e-01
1.002937956384097884e+00
9.445360416619663635e-01
1.060643004123727140e+00
1.016267755147346241e+00
1.046027351925750803e+00
7.836462834622610618e-01
9.507426249461731205e-01
1.205748812655969893e+00
1.131039229807848212e+00
1.067236778445200818e+00
1.077081411337114103e+00
9.757049081362297871e-01
9.362469577185311698e-01
1.072507618494556558e+00
1.123773603099649021e+00
1.045235140861438206e+00
1.021433742462921401e+00
1.132434343759546325e+00
1.221675742388624641e+00
1.106924288568776227e+00
1.131470219993847115e+00
1.063383331801836640e+00
1.097478754290261538e+00
1.090696835635148743e+00
8.711729870126877495e-01
1.043676619611616063e+00
9.284840511577807654e-01
9.815124924084747127e-01
9.083188791442584620e-01
1.046272524211022681e+00
1.202503678398091136e+00
1.064633865313508787e+00
1.140887433238007009e+00
9.245933037004375743e-01
1.078446459425002057e+00
4.354657674356028352e-01
1.257559157249720450e+00
1.221632133069681547e+00
9.860545087520986574e-01
4.646613629100275755e-01
8.838279787647715935e-01
1.122188921970955100e+00
1.091217919991335217e+00
1.022933854535204690e+00
1.070038230038986793e+00
1.131562525565298571e+00
1.216564041261936735e+00
1.048291580161793135e+00
1.048342922877167904e+00
8.051857969538072091e-01
8.075281881515063986e-01
8.418086102770291346e-01
8.914296301490903796e-01
9.041159769399149670e-01
1.199469992531346119e+00
9.059026668935334925e-01
1.045835355016282886e+00
1.195919947442168008e+00
1.255036937433011923e+00
1.055819129634676834e+00
1.115598140654740611e+00
1.086156502901784782e+00
9.579302517733649935e-01
1.159373303557033275e+00
1.087779772365363939e+00
1.119791382847981964e+00
1.197961331932717366e+00
1.102661610931850111e+00
1.185587860656521997e+00
9.626835641594426729e-01
8.720874609608973982e-01
7.910243431829460103e-01
9.078317835866186458e-01
1.041667457798787444e+00
1.128608021130149908e+00
9.078264789309872240e-01
8.575219030418558264e-01
1.190323740400670349e+00
9.613490352679637807e-01
8.309311233930447571e-01
1.059849225023915320e+00
1.107670520058123387e+00
1.196110861379658719e+00
1.188944673605997204e+00
1.151840554963977636e+00
5.891672174113017357e-01
1.007469033467875086e+00
1.101669469543369528e+00
1.125762742045452125e+00
1.141838259282494716e+00
1.248966976189829658e+00
1.091533226900064157e+00
1.073548334748104072e+00
1.097688520078275332e+00
1.094016265147863320e+00
1.109643172997338612e+00
9.458583560638577081e-01
9.553552780276165501e-01
9.394164846615370434e-01
1.052509303534092222e+00
1.345976194533464954e+00
1.095926518057808163e+00
1.133895607708853559e+00
9.552345941106857863e-01
9.895839379553785786e-01
9.611854422790002683e-01
1.188716337961135183e+00
1.222744351201018320e+00
1.089861081727632852e+00
1.115439266678383223e+00
9.646828257192603395e-01
1.145752695687881184e+00
1.103550456988837469e+00
1.012041632303597005e+00
9.911341927743482216e-01
1.140447924465816776e+00
1.174692431908658463e+00
1.161911306899529261e+00
1.150979175139662081e+00
1.091143082951131493e+00
9.235851642120185279e-01
1.097755011771184508e+00
1.027873922025784426e+00
1.128667589573848273e+00
1.157274904812070515e+00
1.141971503815719435e+00
1.001394396811015497e+00
1.020455074230715020e+00
1.170570113387009892e+00
1.172618346856527660e+00
1.020733838746599176e+00
1.055818814832189645e+00
1.038056470892282812e+00
9.410608289866435605e-01
8.241491421377882265e-01
8.360322875038962431e-01
8.731951814990819294e-01
8.239152929440430873e-01
9.445290599260851572e-01
9.394843249462806467e-01
1.062944005958521343e+00
1.047961784511131533e+00
1.102104216002298021e+00
1.043630566138640026e+00
1.248588223827445720e+00
1.197980942544650818e+00
1.270978232916987638e+00
1.156927461597873075e+00
1.308476457936197379e+00
1.325771622524578142e+00
8.972613602305751224e-01
9.540791197517285438e-01
9.951496704765169232e-01
1.027809822074563062e+00
1.055175836316164295e+00
1.209665647984318859e+00
9.386656071517801569e-01
9.096744260457263476e-01
1.141696501295792698e+00
1.245446947295721696e+00
1.213240325073692283e+00
1.005419552706861230e+00
9.467480007873696479e-01
9.443873891180395441e-01
1.042402953910670727e+00
1.033304162402645332e+00
9.545569632542210137e-01
1.041089087866685414e+00
1.012947894110197922e+00
9.403887088933673422e-01
8.604173725723547328e-01
8.881086545933740695e-01
8.677485950182158847e-01
8.713532916742440237e-01
8.450313723233937591e-01
8.653919236706429929e-01
8.519884753560641455e-01
8.814684594796242667e-01
9.789482151801475185e-01
8.307098870137685775e-01
8.241376117085681408e-01
7.564486220594552890e-01
8.897478250655453946e-01
9.457129436429418945e-01
8.497229780102770746e-01
9.197805549455674301e-01
8.039837223615995399e-01
8.788213815717219601e-01
8.060634400329877991e-01
7.634061787624499829e-01
7.701334429475866772e-01
7.440656566929820803e-01
8.290125777968486709e-01
8.568280426280538986e-01
8.264179479353803703e-01
7.944419883304119079e-01
8.653468986532633078e-01
9.813630681033420622e-01
9.437049126454195580e-01
1.086302240279233278e+00
1.090017325713666718e+00
1.098677976371986720e+00
1.084017996045163912e+00
1.046215126072179258e+00
1.063764097805877329e+00
1.151237678367753814e+00
1.190702593931813214e+00
9.991125923176432666e-01
9.443151500620040606e-01
9.178842259446223784e-01
8.433535959457908460e-01
9.071772216194889937e-01
9.113560869050569835e-01
9.891816085065484598e-01
1.048386971323908678e+00
1.021297918746998601e+00
9.136574848250654801e-01
1.007904930627756546e+00
1.013630856353690879e+00
1.046003641269609652e+00
8.254573254805106508e-01
8.558856162710978266e-01
6.731656928586012834e-01
7.580986866011772962e-01
8.797121537467303964e-01
8.495692995707456729e-01
8.210774803168328084e-01
8.474600832291957486e-01
8.679460029219245865e-01
6.076602918672804332e-01
6.096670393739879179e-01
7.157279725276119997e-01
1.100721636565926698e+00
9.370736541692329391e-01
1.171271143763746636e+00
9.150334209376950190e-01
8.729191771618662887e-01
9.919566975580248469e-01
1.017872545727541711e+00
1.133670866215593431e+00
1.156111648571576778e+00
1.153018133477981877e+00
1.197406162774011795e+00
1.151978057632236929e+00
8.857693328526068388e-01
9.807952941212131348e-01
1.112653044593945983e+00
1.083272151330823441e+00
1.083248580632452329e+00
1.005610953554611164e+00
1.227631761614717432e+00
1.129261003462948665e+00
1.061448855308805950e+00
1.084729005595565621e+00
1.092321973664179824e+00
1.200128258252949331e+00
1.164937903037902345e+00
1.106513045393549666e+00
1.044327448091963539e+00
1.159877826448983518e+00
9.345531721178380602e-01
1.004652208764100774e+00
9.461893992777601348e-01
9.514534216875821793e-01
1.093005791671639360e+00
1.027827205225893881e+00
1.099588359450901720e+00
1.043804425507590672e+00
9.421881853184793654e-01
9.419579322224035378e-01
9.150976338639444929e-01
8.962063626483239842e-01
1.113785057021494440e+00
1.077986195405504555e+00
8.721229466037955236e-01
8.985617578750946244e-01
7.927432206896496414e-01
8.120533400996715612e-01
8.166393703079085631e-01
7.153953177437486488e-01
7.268372044858133485e-01
7.571249551141074896e-01
7.058286004784065648e-01
8.082452834139136622e-01
4.637187917515953606e-01
3.839850399825942562e-01
6.565340872099738601e-01
1.258385290739063855e-01
4.613242990165526969e-01
1.200245414197600669e+00
3.939565980952224322e-01
