1.625294091912885541e-01
5.766568020371472258e-02
1.166016698578945660e-01
nan
1.982635599454551922e-02
1.453139353708275128e-01
1.361258252943491620e-01
6.404324748142258272e-01
8.214453883887772312e-01
8.551240594078363122e-01
7.521708743973472000e-01
8.348869594512313697e-01
8.173072791986207841e-01
8.843502121062859489e-01
8.122064594311790842e-01
8.659961632718083946e-01
6.149001126128429418e-01
1.015749241290907934e+00
8.915124481932225065e-01
8.941342418540987325e-01
7.660588529280242254e-01
1.007226173340116437e+00
8.117075017775537971e-01
9.589243841282139025e-01
8.140448216869813347e-01
8.255339988403482820e-01
3.409386620169013171e-01
6.197058449198825647e-01
6.515065459416429228e-01
7.882319516647543489e-01
6.734710570907008753e-01
7.195138226212658417e-01
8.487766865515351533e-01
7.930128461588792366e-01
7.744691819542752764e-01
8.949493269007567919e-01
9.015865739065536122e-01
1.015919343170133216e+00
5.023004695286440446e-01
1.117213245655625103e-01
8.971131414119818404e-01
7.706884437175872682e-01
8.839196411475651605e-01
7.329733948792932496e-01
8.512738365795231577e-01
7.202100081617495153e-01
8.125007535474422227e-01
7.126778123342984994e-01
8.083727347939878571e-01
8.057856551378452803e-01
8.670123285669575353e-01
8.052394388636309186e-01
7.866627289266963086e-01
8.415236024191530273e-01
8.675141718665126955e-01
7.990220977333017949e-01
8.850729798651741920e-01
8.525762754731627258e-01
7.942378804448643193e-01
1.044198184379663497e+00
1.015817204359403592e+00
9.209568247827562004e-01
1.025442596648880489e+00
9.465511047300126934e-01
1.142004538012855619e+00
1.015760391620762038e+00
1.032687252541717227e+00
1.120382028294111487e+00
1.123646934598651059e+00
1.100358814389901463e+00
9.679482839990215526e-01
1.063022633003711137e+00
1.056108082867790676e+00
1.175123180911626930e+00
1.011523925245422895e+00
1.004470383766803643e+00
1.017735958998542189e+00
1.036599600422961398e+00
1.038263298927668998e+00
1.153924101748056374e+00
1.110191431632361336e+00
1.219468048515345071e+00
1.192755431625864615e+00
1.118353848461298927e+00
1.069853886495777617e+00
1.098461657994690421e+00
1.097123934272570489e+00
1.127043861033430350e+00
1.116218399170057607e+00
1.178120906578350890e+00
1.137873449178982810e+00
1.076472853978315936e+00
1.158296132652912647e+00
1.175464858913659816e+00
1.075469842358736994e+00
1.055893064640805123e+00
1.074341026966460610e+00
1.103113534346358504e+00
1.088419322753936491e+00
1.122911715879499228e+00
1.162183338875480088e+00
1.170051843035474048e+00
1.041736407770025741e+00
1.091189504833159019e+00
1.133916408533301778e+00
1.178732689531980293e+00
1.070398742062639963e+00
9.117649818769645309e-01
1.026337192702345913e+00
1.040299323043665680e+00
1.075261514677152475e+00
1.085422541036457744e+00
1.074136259554762107e+00
1.081807974183914833e+00
1.050604355769592990e+00
9.265193133155029681e-01
9.507560639260753677e-01
1.118501601887208707e+00
1.081539685507773463e+00
1.095522445651725851e+00
1.129785100390851893e+00
1.077756848656143740e+00
1.090389041903435885e+00
1.176549702060392555e+00
1.120778694495973449e+00
1.146921173279676687e+00
1.147797368905334237e+00
9.587927962631990209e-01
8.572584835215293353e-01
5.953082083376056710e-01
1.081702198325944636e-01
3.542593217185625587e-01
1.121205200773282284e-01
7.795829271178709996e-02
5.631405519944016752e-02
5.914864076617368932e-02
3.000198196028548356e-02
2.952729514821941237e-01
8.246424357985573383e-01
8.840698847436530006e-01
1.027550799736928200e+00
9.997637479817462758e-01
8.863063889184252808e-01
8.228457654785511499e-01
8.733622246416028467e-01
7.956205128263198478e-01
9.217003387661060199e-01
8.804845586556964143e-01
9.907779832924399344e-01
9.080769574974919545e-01
1.038878492425152622e+00
1.045309176008964558e+00
1.123488800045901570e+00
1.098536828898829087e+00
1.132063060910520003e+00
1.138793734346419617e+00
1.128790973603526204e+00
1.193832460801115047e+00
1.048496132362036093e+00
1.101006797322286568e+00
1.139896759915842273e+00
1.122377917021319060e+00
1.101059862190424621e+00
1.023918943137167359e+00
1.132134571352742647e+00
1.134945264218857108e+00
1.110039735967737862e+00
1.120206185818489519e+00
1.135857123386663892e+00
1.528806955893497355e+00
1.043549871802309070e+00
3.495031106412024857e-01
1.331766380210162026e+00
1.087952415380109894e+00
1.064172747325407897e+00
1.102252138580397833e+00
1.005302145169085559e+00
1.153195755925249921e+00
1.181828597380837786e+00
1.087835904809581367e+00
9.547698093805649933e-01
1.010084441855009674e+00
1.084523114288721279e+00
9.436617713655244266e-01
8.590031492161805948e-01
8.849303208954214517e-01
8.194160889223945921e-01
8.380150703353379527e-01
8.286803693362141399e-01
8.964912337075126025e-01
9.550417588535606850e-01
1.062346854283833908e+00
1.172174821337598427e+00
1.105716451886909368e+00
1.140662783318298734e+00
1.147379971297508794e+00
1.157525686578783519e+00
1.153285019892195118e+00
1.172306827438688304e+00
1.169727537288435482e+00
1.177853074800472299e+00
1.047965711704112568e+00
1.089675006786217759e+00
1.053478267091179532e+00
1.035196735538406854e+00
9.726556359395887030e-01
1.129216621797853648e+00
1.061230721872968408e+00
1.170557473952608563e+00
1.148767993959438849e+00
1.131927443757937191e+00
1.016321964939895350e+00
1.001731470779973598e+00
1.085422055217493353e+00
1.123755869056334067e+00
1.222689288125515361e+00
1.171610112196782350e+00
9.580392939066867397e-01
1.020735893798285776e+00
9.853566109594611433e-01
1.086218968380064043e+00
1.060691485316687110e+00
1.057585810306335583e+00
1.024140468281205862e+00
1.076229113113873925e+00
9.977621544837467216e-01
9.898457820276306274e-01
1.024751672128380031e+00
1.026265789548950647e+00
1.028472124860450032e+00
1.114614686163455159e+00
1.124238890417621706e+00
1.093655668208112663e+00
1.049459602551616966e+00
1.190085981124863856e+00
1.174217514219403791e+00
1.045214478128042357e+00
1.173021710614341018e+00
1.164454804515381525e+00
1.082596306821523413e+00
1.093733951278145655e+00
1.049463492523577068e+00
7.192769236441326486e-01
5.251688639040364981e-01
1.062993764334231095e+00
1.082141237398881906e+00
1.100370250656487192e+00
1.140200289980749959e+00
1.073974569341710206e+00
1.002745351830981013e+00
1.145667466718953698e+00
1.045467933263664717e+00
1.008321506584406002e+00
9.245143604556947947e-01
1.091569966472603515e+00
1.063303143882211366e+00
8.079913771038200743e-01
8.834653859230950923e-01
1.031398558790339814e+00
1.039440808391824733e+00
1.110280727674209933e+00
1.123148399181033374e+00
1.134036844864690474e+00
1.130461260455599026e+00
1.174189015049308837e+00
1.042319489792427278e+00
1.143208732215750256e+00
1.060346763729645536e+00
1.084929829494903242e+00
1.062006109305772883e+00
1.147603248730905801e+00
1.093832394497850968e+00
1.129915001441301525e+00
1.076930230585835702e+00
1.151046923337605055e+00
1.065072951696322434e+00
1.120340718834788696e+00
1.141567521049986933e+00
1.036153851193215569e+00
1.097224620215819568e+00
1.132023706639339711e+00
1.057310910567635265e+00
1.181702725975878110e+00
1.085868360094980556e+00
1.208798866151103546e+00
1.135905814257233803e+00
1.127393064361324360e+00
1.075993457825408228e+00
1.129687372798053646e+00
1.160087754346671884e+00
1.068265926862590476e+00
1.126634540350432756e+00
1.161480421381873240e+00
1.039476743042234475e+00
1.128372942911682886e+00
1.199333962746076621e+00
1.062077989213967788e+00
9.556015048950787794e-01
8.686613938494499587e-01
nan
8.213559524317077809e-01
1.091809164194686765e+00
9.372201640534688627e-01
9.146983505873730325e-01
9.502816723220328665e-01
1.013678116945761154e+00
8.609063127595439902e-01
9.730538989237774716e-01
9.145900466903396087e-01
8.982011785202349552e-01
9.192849412860311098e-01
1.023264386004085091e+00
1.113994170748159984e+00
1.105756068337394149e+00
1.139372779099104172e+00
1.106242075257006352e+00
1.128018475018666589e+00
1.161420784817998264e+00
1.128331780834575637e+00
9.587880890766373732e-01
1.169288766024148885e+00
1.108384694068998533e+00
1.122290207899270476e+00
1.131357020355556520e+00
1.177080509359859528e+00
1.164095230643731993e+00
1.130006098015708726e+00
1.132879573992276567e+00
1.109841683978221250e+00
1.068449650097028636e+00
1.163264868817172726e+00
1.142769905673468811e+00
1.133950737077699555e+00
1.104888837026772430e+00
1.123650650783992067e+00
1.122248147290012321e+00
1.181065903501819614e+00
1.138255037930272273e+00
1.130888612564385109e+00
1.187187623538896730e+00
1.056340282668664976e+00
9.112388647405205155e-01
9.887410002806094056e-01
9.118254892997722516e-01
1.023738423661620267e+00
8.210580769406501389e-01
8.734131345917470757e-01
8.468307640107290979e-01
8.389470391546425265e-01
8.986148416698147567e-01
8.916260909213992170e-01
8.748041954207894655e-01
9.366920016413967653e-01
1.047604546201492681e+00
9.464757472970282137e-01
1.082659401126063736e+00
1.087666166395840683e+00
1.131152557958159166e+00
9.991336472360787813e-01
1.083309185566094346e+00
1.068567314924953493e+00
1.143090673537085600e+00
1.106460231618874746e+00
1.126645440141764931e+00
1.042622502139862295e+00
1.143365316398433640e+00
1.126931191456325587e+00
1.152234740021857773e+00
1.155413432492565118e+00
1.103520070199139669e+00
9.470754837790145153e-01
9.478666016578316533e-01
8.591669073629272235e-01
8.909906758694351447e-01
8.812742536490922873e-01
9.133739346231524170e-01
8.906137819232988750e-01
8.814241153612250024e-01
9.855237118846842392e-01
1.164761228511425273e+00
1.176583118043101894e+00
1.003383826999513007e+00
1.063866200677757723e+00
1.145524085000940273e+00
1.156610163816254699e+00
9.665461081258127640e-01
1.057140095643556155e+00
9.625127476737653787e-01
9.913664637628153420e-01
9.387253841579669134e-01
9.429469713259205355e-01
8.966581133431468231e-01
1.054351724861371631e+00
1.058969039467634765e+00
1.168338596305378285e+00
1.168326138110513002e+00
1.136270622677199027e+00
1.014849626494886747e+00
1.166517465821381050e+00
9.726097906921264968e-01
1.110471199659366803e+00
1.067031026102415403e+00
9.627092087767155082e-01
1.140123506677047205e+00
1.148962967447587857e+00
1.098074478031341616e+00
1.049992237076227353e+00
1.133742260092556187e+00
1.037495990331322560e+00
1.069755207780463291e+00
9.492954186626988422e-01
1.075118503976905782e+00
1.068138809222354491e+00
1.162589330451253344e+00
1.148620580069662944e+00
1.061327382426815236e+00
1.027154892010352150e+00
1.088701746780423418e+00
1.024790598361515759e+00
9.913156192136717282e-01
1.208142732730858038e+00
1.151453007665777850e+00
1.130795412076361250e+00
1.079333387097542563e+00
1.038844996401284249e+00
9.307199625034943136e-01
9.888843573051684377e-01
1.042261249820392477e+00
1.106822473586379418e+00
1.019845075813635038e+00
1.003079724531706685e+00
1.096671279832923673e+00
1.138356433420473435e+00
1.102185028436893699e+00
1.051374162162365344e+00
1.030761878395179520e+00
1.200799067484331628e+00
1.106915407858803047e+00
1.253584635515578638e+00
1.167942297899732917e+00
1.029058276363825408e+00
1.090545587072776934e+00
1.098650190650901859e+00
1.186671183030788335e+00
1.163069717629161115e+00
1.189327609612313985e+00
1.101955856480033580e+00
1.138663008711054969e+00
1.039997608828702402e+00
1.068154915185280718e+00
1.080653093686447130e+00
1.119160522427237625e+00
1.165039292607514820e+00
1.120197223083722715e+00
1.211129123071940095e+00
9.245385400317366331e-01
1.006515511308094357e+00
1.057377135077491204e+00
1.135179674561292984e+00
1.161978410111459414e+00
1.152964074589670096e+00
1.076735654429129552e+00
1.125372673014951808e+00
1.006837919095952438e+00
1.196397221053628446e+00
1.059421521934362120e+00
1.223249266352867792e+00
1.101011468150296935e+00
1.101996940563356953e+00
1.050563054436456811e+00
1.176627682997908542e+00
1.056744802522830096e+00
8.753452169791641202e-01
7.490036468224349209e-01
8.724575011005208935e-01
7.645886178460736815e-01
1.031711971632786273e+00
1.088670032437239588e+00
1.156799757897116088e+00
1.025705695732982425e+00
9.574760861360607223e-01
9.262274700286554641e-01
9.162630595932069744e-01
9.494083590025078623e-01
9.093996713898511164e-01
9.265892716274519714e-01
7.843971506312242825e-01
9.005931902670770706e-01
8.445708487937925169e-01
9.499762297473257622e-01
8.962259812864605824e-01
9.113138261258963979e-01
9.102714477366306012e-01
9.573400862600910388e-01
8.370089853519364631e-01
8.416350558952695460e-01
9.671938346885802229e-01
8.119111500286699812e-01
9.222284189964485845e-01
8.834075567701223930e-01
8.889397662418584423e-01
9.118669515827864114e-01
8.876541882317642296e-01
7.979867297607360355e-01
8.515418787431165981e-01
9.227008951803715719e-01
8.819852819465157090e-01
9.322293583981311471e-01
1.054608335833745469e+00
9.884244336662688646e-01
1.016052336326526140e+00
1.019659719693603028e+00
1.070998861935618329e+00
9.744268131292714852e-01
1.093026695816518012e+00
1.083919625297049549e+00
1.195534265035871568e+00
1.172053705661923129e+00
1.123638708376625939e+00
1.058701557568310525e+00
1.251163659426474561e+00
1.099640074830337433e+00
1.039976542817950822e+00
1.154773431670172323e+00
1.168509843337740550e+00
1.162153018264004967e+00
1.093705315748344509e+00
1.117429526300436349e+00
1.084005427941022948e+00
9.733670859751468729e-01
1.107160128905478880e+00
1.160289825606976244e+00
1.139077763961897194e+00
1.098333578652860520e+00
1.106118738267854118e+00
1.001366427212762922e+00
1.127616497050003552e+00
1.073866761643803125e+00
1.094680450932782767e+00
9.443459902574915521e-01
1.112981405914935884e+00
1.095308142442381616e+00
1.193224669681518746e+00
1.133160116092867487e+00
1.165619058182861156e+00
1.143405986924329598e+00
1.183695164254058962e+00
1.082310326775507647e+00
1.060708759144542546e+00
1.066556383563288524e+00
1.065469665616678663e+00
1.137604785726720413e+00
1.017417606683641340e+00
1.071025508450535568e+00
1.070237061851952332e+00
1.046763575796735068e+00
1.140380563391439006e+00
1.177918657924308388e+00
1.209501234088237398e+00
1.119322120333430925e+00
1.132811698178132875e+00
1.126214459408678703e+00
1.202808576585183253e+00
1.126669385103611365e+00
1.083386351047047835e+00
1.160166184719910731e+00
1.062706585036248930e+00
1.179106807072212160e+00
1.146284765664076444e+00
1.287527767583658056e+00
1.114992341870328696e+00
1.057965087768836021e+00
1.179250863848977593e+00
1.142110838434690745e+00
9.771318729046737372e-01
9.933501481960138602e-01
1.003372093376991181e+00
9.538258425496770609e-01
1.009255385935352356e+00
1.019763192065070712e+00
1.001263662897079909e+00
9.102515350105232494e-01
9.657273418789259489e-01
8.598655168435687113e-01
1.014192404814192594e+00
8.951998633538335026e-01
8.765797185145661752e-01
9.644487171364067857e-01
1.030692600124086367e+00
1.001151970811332115e+00
1.173067695085876938e+00
1.089020206463523710e+00
1.245004832935992178e+00
1.260782535162046747e+00
1.112048642516578534e+00
1.207925933997221701e+00
1.155198639021811857e+00
1.040090951867594482e+00
1.073041402504885555e+00
1.162483349370089458e+00
1.016626536309067630e+00
1.163883265612083218e+00
1.145258851353921470e+00
9.472130671988555628e-01
1.019553567525472326e+00
9.259440685049881159e-01
8.142065778353245742e-01
8.588480359967771705e-01
8.950211215266263842e-01
8.211231336879086795e-01
8.628178869511895499e-01
8.890500749400782610e-01
8.690803901823906941e-01
8.929387060389203379e-01
9.827955085390696066e-01
1.052258862641443971e+00
9.721591537722670262e-01
9.405402302781138424e-01
9.333525549187685622e-01
9.087473250875881536e-01
9.686412233241203928e-01
1.091040743676105151e+00
1.036697442554769921e+00
9.318759650725558785e-01
9.380074342930183606e-01
9.789391621799232723e-01
1.007424222469092134e+00
9.174589724514399247e-01
1.025350794603525406e+00
1.020044448613299348e+00
1.039052997564531511e+00
1.139904079439509221e+00
9.797984670863958412e-01
1.037524490528650256e+00
9.606194487585162367e-01
9.337318462138143316e-01
9.561969129060583494e-01
1.060686309542557382e+00
1.103464412727158450e+00
1.017514908271128782e+00
1.099104668496047044e+00
1.106707277613995677e+00
1.081488252341469503e+00
1.139788490116931063e+00
1.201748027254315732e+00
1.155343506717390278e+00
1.111932567228077318e+00
1.063504923871852359e+00
8.655466622050401737e-01
9.183781880220402982e-01
1.020779837093976017e+00
1.038651805002756667e+00
9.884717014561490434e-01
1.122482134258538045e+00
1.141556202146384980e+00
1.046467372200996948e+00
1.118646218385801916e+00
9.743420400304716456e-01
1.054604848509888004e+00
1.002107933979466070e+00
8.568911816113548019e-01
1.021334319488069964e+00
1.037160424445687568e+00
9.944353591663772640e-01
1.038907861200892846e+00
9.516716534400885275e-01
9.714542876804519445e-01
1.147838204797215544e+00
1.196564838283627141e+00
1.152544174552424083e+00
1.124427908172814572e+00
1.013689228949380627e+00
1.030085026187584241e+00
9.959900410014308481e-01
1.048311204190327306e+00
1.018927726003206136e+00
1.086753652096174916e+00
1.010280550792928667e+00
1.095291320731507367e+00
1.256231546183113057e+00
1.177214976004605562e+00
1.189554583372907315e+00
1.174510441555321139e+00
1.229265009732450453e+00
1.131234188288107845e+00
1.103034822360490663e+00
1.176769401100242751e+00
1.188735426551197794e+00
1.085304173781751258e+00
1.091247287148524814e+00
9.307803460673068630e-01
9.275179848952299633e-01
8.249676524923801324e-01
8.242865851792576803e-01
9.244820790633978547e-01
8.106773734678227594e-01
9.224040078443752622e-01
9.911285627070646198e-01
8.748648096607092306e-01
8.445707906721990899e-01
8.809826875819108949e-01
8.492987378842973278e-01
8.875838002148173089e-01
7.933579180057633851e-01
1.018512424838473152e+00
1.013587667865282871e+00
9.962690961922782140e-01
1.078503058585102314e+00
1.143250550558158718e+00
1.066353166357149718e+00
7.935984643986568887e-01
9.407454103435615167e-01
8.409979588415478213e-01
9.173171012164518245e-01
9.436477099439398719e-01
1.050127004148524223e+00
9.218678548519925187e-01
8.913292133386189198e-01
9.456589761140022921e-01
9.107834761440983806e-01
1.014003885459306753e+00
9.466536255362054675e-01
1.012716155984623834e+00
9.024836387514849623e-01
9.710892248639363400e-01
1.006628837016846134e+00
9.492723842264676470e-01
9.670050102402724113e-01
9.401580730512809625e-01
9.321692999619447528e-01
8.288384835935244110e-01
8.891930071107598810e-01
8.769510060715688393e-01
8.220899039500119132e-01
8.579069448034694068e-01
8.947709524999521991e-01
8.650030762821683261e-01
8.413520877592312042e-01
8.429078584036259203e-01
8.207506235759756130e-01
9.096231733306588962e-01
8.348527275868891095e-01
9.169078993491319718e-01
9.465069966408293789e-01
9.742331534292490991e-01
9.130548555064761374e-01
8.925971058930824986e-01
9.210877446658908285e-01
9.541827263518490865e-01
8.937971065236701707e-01
8.659010328192872086e-01
1.002556061181118174e+00
1.044752654775157330e+00
8.857541875494141514e-01
8.622677059263044175e-01
9.097502297231322421e-01
9.160345708280333010e-01
9.243338507976501806e-01
8.217002313714939499e-01
9.053491656616804439e-01
8.734418695064076754e-01
9.575736510799073287e-01
1.100813226107344445e+00
9.543085746937197689e-01
1.022390101197918622e+00
9.567807785417281607e-01
9.475814910912300215e-01
8.974399928556917594e-01
9.516469891207017806e-01
9.710162042592229703e-01
9.995123223390439682e-01
8.689350365451582459e-01
9.970909157866384431e-01
1.050056346939290952e+00
9.409033915139867199e-01
9.607694619030803240e-01
1.099600492540717678e+00
1.109625175776066452e+00
1.107378300473281785e+00
1.191299625110233240e+00
1.131057352471049438e+00
1.193002687414914664e+00
1.158864820757856462e+00
1.064286895443448122e+00
1.051372664856377259e+00
1.131700070623467225e+00
1.066812269643630851e+00
1.078101133742382256e+00
1.020386481540530577e+00
1.065443349537985140e+00
9.714902845314581370e-01
1.149113753828137074e+00
1.098150262897035434e+00
9.849909636918248168e-01
9.399044741572961659e-01
9.873025414019036550e-01
9.998705107523324642e-01
1.002280102546682317e+00
9.867318415464095827e-01
8.947199778405873216e-01
9.177016265049657839e-01
9.201210453652048926e-01
9.313722232539123347e-01
1.036750264988575587e+00
9.312204147180112024e-01
8.484265980682608177e-01
9.562352017527177006e-01
9.724567200589299132e-01
8.493218266890157908e-01
9.166753026292175921e-01
9.195956767219068961e-01
9.642640078678577087e-01
9.439494575170618296e-01
9.890461750944296027e-01
8.354458786189236097e-01
1.071075344475364677e+00
9.751714437967331506e-01
1.026065062439951436e+00
9.565731505503440868e-01
9.327358429132857065e-01
1.072147021141383050e+00
1.140969952387402397e+00
9.347448958145395670e-01
1.000331075738519759e+00
1.041075353883771148e+00
9.602923591236574019e-01
8.189013824557395127e-01
8.924547640069885324e-01
8.489548014508599971e-01
9.396256647134744178e-01
8.426090366895176986e-01
8.385216307652224588e-01
8.136376325937043630e-01
9.253511211621660015e-01
8.440675356970427368e-01
8.920590833372825657e-01
5.919669093907854451e-01
5.361654425948768621e-01
5.120794987934244036e-01
7.506209935350260931e-01
9.255016619763696273e-01
9.742821619933380584e-01
9.714133930616721813e-01
8.964160992523760862e-01
9.811637457520169248e-01
1.026967459704808405e+00
1.007970459249228456e+00
1.168443679764627596e+00
1.156905336290383390e+00
1.180043092469242438e+00
1.191165689764013713e+00
1.150514966215584467e+00
1.072356296760256678e+00
1.112095109547967420e+00
1.169314803954788040e+00
1.027917154065402183e+00
9.857424911636840648e-01
1.238924652155957595e+00
1.158889834788738415e+00
1.215327849098393864e+00
1.253289853151029698e+00
9.650808472281677819e-01
9.358086462790976556e-01
1.056127713901438891e+00
1.042813889732202792e+00
1.086785275023236741e+00
1.041129100140252728e+00
1.044298369600330068e+00
9.622079362154247750e-01
1.020262906985838658e+00
9.853971145583472202e-01
8.919499822424793445e-01
1.074001346355586639e+00
1.048208885367534871e+00
9.842688598601280203e-01
1.060208658648579938e+00
1.158090201528267693e+00
1.040611742194047729e+00
1.056719249262105365e+00
9.865880958225184960e-01
1.037960123446368899e+00
1.140459223500213115e+00
1.115144897719773542e+00
9.896588595690086754e-01
1.050712057204826522e+00
1.003420231427785358e+00
9.820812135690524247e-01
9.674377931822129018e-01
9.241757425251183600e-01
8.710688703326562310e-01
9.808797868329002245e-01
1.042776421194337777e+00
9.851335580643152401e-01
1.098393014479462693e+00
1.139089368656903911e+00
1.058775514312551458e+00
9.376870441381982557e-01
9.639198314793436806e-01
8.776924352168644639e-01
9.083346413846072886e-01
1.084506591245232077e+00
1.053912311321049566e+00
1.094278134935948499e+00
1.134002638989405343e+00
1.074895335552293885e+00
9.091932669477216233e-01
9.758573332065249017e-01
9.793850756459285822e-01
9.430983508372454693e-01
8.772453447802189830e-01
8.920203551980319112e-01
9.136623598486079967e-01
9.956001467980716280e-01
9.846548906448127081e-01
1.036162994611133481e+00
9.039532622541089912e-01
9.528780593407532029e-01
9.858514098662476410e-01
9.068367246104601653e-01
1.026332429294260606e+00
1.241161400843313389e+00
1.114406119352904456e+00
1.132985229015710527e+00
1.204139210565090989e+00
1.097888498908858423e+00
1.145282617185909180e+00
1.083986336143810014e+00
1.080817209013280378e+00
1.051690986175046749e+00
1.015622917539699799e+00
1.038632992141583111e+00
1.110904938663108910e+00
1.079083998487250229e+00
1.111024380422274360e+00
1.142942506398036739e+00
1.077789634716376233e+00
1.041182967427806583e+00
1.117441115734714607e+00
1.044494441902289461e+00
9.857409805303660733e-01
1.145086651297108071e+00
1.148315706976448691e+00
1.125462279905817820e+00
1.004497702000743731e+00
1.114913881821334218e+00
1.208759518106531594e+00
1.045501435756432951e+00
1.115791454587361953e+00
1.161503111199861493e+00
9.991061335822237766e-01
1.187062561107043113e+00
1.235324329453391323e+00
1.166842527371390492e+00
1.242905713119913491e+00
1.177733851017711331e+00
1.144231999240132858e+00
1.008709634036900171e+00
9.717957098985285924e-01
9.612463793742264118e-01
9.140532831473415776e-01
9.399689643686219842e-01
9.463502412120391449e-01
9.960186027088486771e-01
9.317316863980150687e-01
9.363943723309725575e-01
9.911060681527917859e-01
9.171912125324662712e-01
1.007510022636976199e+00
1.133185831147055289e+00
1.003886480581307694e+00
1.033305894506917122e+00
1.048082707277477432e+00
1.046650535065838383e+00
1.125423105965184911e+00
1.173251146992063232e+00
1.076788135382124256e+00
1.059384527958951328e+00
1.000617001322618105e+00
1.072187100014873273e+00
1.013367771298675502e+00
1.023807165941771569e+00
1.008952552626886767e+00
1.037910162034366035e+00
1.000484464582827249e+00
1.039355746012128323e+00
1.134019715747198287e+00
1.044803441287727397e+00
9.851622990279907954e-01
1.127330884893686491e+00
1.033185019445060249e+00
8.957103697428269173e-01
1.053712414442602885e+00
1.039816117050979205e+00
9.984299949990054213e-01
1.032938005687635385e+00
9.883065769412551216e-01
9.673624932549681477e-01
1.042060546272681965e+00
8.643011977942142154e-01
1.004457539160459545e+00
1.066997982439215287e+00
1.050313069219890094e+00
1.108839266993060013e+00
1.050288532857700297e+00
1.057384298385471322e+00
1.141625940362372971e+00
1.031967372824062368e+00
1.164093422898500929e+00
1.090687503434780270e+00
1.065549506314993788e+00
1.003453008252795708e+00
1.060109924190613340e+00
1.106999216807445618e+00
1.085292336127109181e+00
1.099592997893545698e+00
1.077450154379289815e+00
1.125230269306657815e+00
1.149276052180239205e+00
1.038115387583901761e+00
9.372142101128815295e-01
9.757244963905412627e-01
8.339161596750404026e-01
9.129538927616553945e-01
8.992769628321859443e-01
8.583184686584846013e-01
9.259249291105253743e-01
8.154579811417148605e-01
8.714524996093440112e-01
8.171812593438274597e-01
7.701448943845127237e-01
9.285741145564625487e-01
8.298810352119128098e-01
9.128638612298893840e-01
9.669703538303159318e-01
8.220506584783329185e-01
8.633402548756740069e-01
9.812717490359735839e-01
8.245506826332551498e-01
nan
1.735389871147996754e-01
8.709092582385993264e-01
5.076837320841501855e-01
5.904551847715274610e-02
7.438273816292896301e-01
7.142091187888471859e-01
8.248348369147455728e-01
9.189988445922323557e-01
8.721915078151216694e-01
8.869880096758742116e-01
8.576518442875452619e-01
8.239615781534512795e-01
8.601761200561129916e-01
8.463588850461160051e-01
7.321127205685230566e-01
8.159106224662912021e-01
7.954767049745641305e-01
8.402295698073698471e-01
7.993463384915878711e-01
8.639364868649832552e-01
8.753364699090948609e-01
8.438539933215898348e-01
7.718970123765491742e-01
7.244999305248687183e-01
8.568268755898437172e-01
9.041909971677919433e-01
8.350818654735235880e-01
7.934645644304598733e-01
8.637285412235597981e-01
8.596079347748575294e-01
8.211849427906192656e-01
8.774243231701041035e-01
9.241250465263705083e-01
9.115573982200328995e-01
9.448461556255774996e-01
8.486705132469254398e-01
1.021563689830944810e+00
9.418827135218028612e-01
8.919879537058723606e-01
9.043712309493708856e-01
9.275873365479367916e-01
9.402460295739569762e-01
7.869705341121977504e-01
9.180371647032028459e-01
9.337514779932832854e-01
8.528121879335398559e-01
9.416870040876327286e-01
9.518839916682836355e-01
6.823276735080973099e-01
5.546878249826876495e-01
2.553379476977651330e-01
7.812194342305657235e-01
1.033951985727216805e+00
1.042259604142141471e+00
1.018601705767726795e+00
1.109495367705510160e+00
1.130618677389894744e+00
1.172161698142413000e+00
1.145544811869669832e+00
1.100675799369513763e+00
1.159473434367210176e+00
1.196329772896252752e+00
1.176355626450878100e+00
9.414553810703162329e-01
1.150806281177460200e+00
1.082196990644297641e+00
1.150110017771658111e+00
1.013512785102972158e+00
1.015802872181798433e+00
1.032123507472424206e+00
1.177534860344169987e+00
1.043493493532799299e+00
1.031858374965691771e+00
8.671294228982975305e-01
8.920458000884631256e-01
9.325400337311408050e-01
9.789720240142222307e-01
1.003370699442602820e+00
1.104524844300737607e+00
9.540011411397038010e-01
1.030163594751317913e+00
1.130934335715063410e+00
1.077819852191017835e+00
1.158527568595807633e+00
1.124360346289992263e+00
9.076960557152009557e-01
1.005784847022262118e+00
9.503854795846705672e-01
9.484198877725523724e-01
9.818909123868153621e-01
1.151047625312802802e+00
1.102652857719096602e+00
1.045187556052386002e+00
1.194896190816066017e+00
1.068402803638391685e+00
1.106910182618643823e+00
1.082369527972430800e+00
1.129777221433562406e+00
1.043767599122943146e+00
8.999748994790371937e-01
1.046591669294905991e+00
1.039605845487308722e+00
9.700075358008385384e-01
1.077740326481555710e+00
1.035841007057588303e+00
1.132870271793467998e+00
1.034940464881902500e+00
9.960448544936421067e-01
1.023750319765309946e+00
9.574353754799890259e-01
9.891244516938048070e-01
1.105578446285264693e+00
1.069134208758808713e+00
1.013260070867214813e+00
9.264497464230009305e-01
8.862528002182935571e-01
9.785902942996999032e-01
1.116298673923367568e+00
1.057221584852317875e+00
1.130208010268780594e+00
1.123944123501891657e+00
1.115348207015988136e+00
1.075165565120697719e+00
1.039710892277916132e+00
9.449095690172155670e-01
9.642668097333306765e-01
9.354564955485266120e-01
8.747455847020708664e-01
9.274757593923920185e-01
8.621236323037140270e-01
1.041536498418258461e+00
1.002833214516168914e+00
8.303396656167288947e-01
8.692499589613149613e-01
9.389968492305050818e-01
9.327834055110688638e-01
9.793586182315354716e-01
1.161127022300961098e+00
1.023363698635473051e+00
1.005589193525364022e+00
1.023698109972083881e+00
1.043138567896202185e+00
1.036605364111423899e+00
1.074703933820468915e+00
1.154070704567394356e+00
1.091891945062979818e+00
9.409275129489960143e-01
1.008243939130207600e+00
9.285468767745694851e-01
8.358816181201608186e-01
8.453801853105424868e-01
9.155454656372638000e-01
8.354812936393181122e-01
8.464544425370685854e-01
8.822120948208087565e-01
9.094382510947564002e-01
9.488623825923688804e-01
1.027637517122933719e+00
9.663700133447055141e-01
9.759788269235043501e-01
9.351885029300400776e-01
9.870641025270893154e-01
1.035782340658209622e+00
1.141349355454188252e+00
1.046848985204597904e+00
1.031937354058957368e+00
8.560490929145533334e-01
6.258445738972825412e-01
2.759054821575889771e-01
3.705986446200298379e-01
2.311543111662599237e-01
6.513768391747103148e-02
6.946661004830214647e-01
7.908740511121142847e-01
6.685945407808752128e-01
4.094980036048808891e+00
nan
nan
nan
nan
nan
nan
nan
nan
nan
nan
nan
nan
nan
nan
nan
nan
nan
nan
nan
nan
nan
nan
nan
nan
nan
nan
nan
nan
nan
nan
nan
nan
nan
nan
nan
nan
nan
nan
nan
nan
nan
nan
nan
nan
nan
nan
nan
nan
nan
nan
nan
nan
nan
nan
nan
nan
nan
nan
nan
nan
nan
nan
nan
nan
nan
nan
nan
nan
nan
nan
nan
nan
nan
nan
nan
nan
nan
nan
nan
nan
nan
nan
nan
nan
nan
nan
nan
nan
nan
nan
nan
nan
nan
nan
nan
nan
nan
nan
nan
nan
nan
nan
nan
nan
nan
nan
nan
nan
nan
nan
nan
nan
nan
nan
nan
nan
nan
nan
nan
nan
nan
nan
nan
nan
nan
nan
nan
nan
nan
nan
nan
nan
nan
nan
nan
nan
nan
nan
nan
nan
nan
nan
nan
nan
nan
nan
nan
nan
nan
nan
nan
nan
nan
nan
nan
nan
nan
nan
nan
nan
nan
nan
nan
nan
nan
nan
nan
nan
nan
nan
nan
nan
nan
nan
nan
nan
nan
nan
nan
nan
nan
nan
nan
nan
nan
nan
nan
nan
nan
nan
nan
nan
nan
nan
nan
nan
nan
nan
nan
nan
nan
nan
nan
nan
nan
nan
nan
nan
nan
nan
4.686759290205942396e-01
5.593353396439449954e-01
3.221947535609481217e-01
2.548641962107873749e-01
1.697362018522275973e-01
nan
4.917443349152712528e-01
3.833820876350190754e-01
1.231222719162381740e-01
4.085512872459921008e-01
3.126584486094365900e-01
3.590139269951845430e-02
2.289268978330941950e-01
6.121214072307538251e-02
4.350921749905711233e-01
9.033872599662641223e-01
8.071223688225195869e-02
3.893821013142228626e-03
2.580415339049446644e-02
1.058095820230848527e-01
6.566153877487075352e-01
4.021678270456054971e-01
1.550551915320443619e-01
1.166269108063161974e+00
1.487747737656578639e+00
2.248946161632456864e+00
1.112214814303333466e+00
1.022282018975777973e+00
5.689177411575159216e-01
1.201009965998907747e+00
1.141723364185337930e+00
9.718149092879173612e-01
8.374390519681296219e-01
3.225747296434883227e-01
8.514617178382524743e-02
6.271077873329031216e-02
3.012719186183460216e-03
5.054530869284316191e-02
1.115225118901808227e-01
3.408044593326493565e-01
8.942531728904842270e-01
9.301829499714527882e-01
9.978833386180613330e-01
8.131032451358156665e-01
9.283973914064052035e-01
1.049152377185989415e+00
1.047019005936803193e+00
8.754214846769827751e-01
9.700489794825327694e-01
2.000505242620674584e-01
7.973823488486594946e-02
2.112399028890308769e-02
1.010319566184138429e+00
6.023340802775039027e-01
1.611925626898956521e-01
2.640572322445509656e-01
1.450442498748266418e-01
2.267827644701203293e-01
1.707488891544227394e-01
nan
3.495265977206318819e-01
2.107822514810243075e-01
5.659109005209288917e-02
4.900901330701837866e-01
6.836967103508295729e-01
7.958158918485315203e-01
7.405886225069951978e-01
9.628524127561280954e-01
6.364031262742593231e-01
1.947817362632280891e-01
7.547357204066962311e-02
4.856127582542011378e-01
5.305630541032683167e-01
7.458543244406923289e-01
1.101866696466298867e+00
1.026812339572278132e+00
1.153720095735011775e+00
1.162637586405684154e+00
1.118001275786508542e+00
1.093541318956509967e+00
1.138337269154886311e+00
1.009139111064650818e+00
1.075823853768526517e+00
1.085154600541004433e+00
1.119211436299729634e+00
1.104718416216265098e+00
1.119425846598102625e+00
1.167593530524146495e+00
1.137002971868162238e+00
1.062083169566324647e+00
1.093177522151466352e+00
1.040855132724341825e+00
1.094062671559234312e+00
1.079449859636671505e+00
1.000105615162265815e+00
1.026899202268243494e+00
9.524890744409211241e-01
8.705682077450653811e-01
9.132396475023375482e-01
7.740570278209482069e-01
6.463162978809642301e-01
8.337748651405918476e-01
8.458729258855659516e-01
8.560552774273961774e-01
8.194816138205590628e-01
9.146436853172372761e-01
9.228023989061616694e-01
9.780519196529947612e-01
9.425930808989052556e-01
1.130204070511217962e+00
1.181379858413324602e+00
1.196384220158899891e+00
1.057151131712914083e+00
1.134731813742015927e+00
1.104386203107253772e+00
1.055121914999283650e+00
1.117188682322482585e+00
1.038635066974388010e+00
1.061421286054482715e+00
9.930543647813745434e-01
1.042154069550725648e+00
1.003858654266968520e+00
1.056254375844954518e+00
1.052697895069959255e+00
1.058350492195112347e+00
1.016109855236991155e+00
1.082290378068917036e+00
1.093456170194237576e+00
1.104779098460650033e+00
1.049540091853367274e+00
1.117876321406287676e+00
1.002324686069628212e+00
1.128694046263648110e+00
1.075936178670709786e+00
1.124806158714107607e+00
1.192485743339076976e+00
1.094638756017148884e+00
1.016136179519458560e+00
1.067122455992385976e+00
1.137283854477134204e+00
1.084998203652757010e+00
1.234650250329591525e+00
1.173815783211079600e+00
1.135884383884001370e+00
1.168182481226771374e+00
1.110344039980735831e+00
9.823101780593772592e-01
8.962086253435201932e-01
8.674858282461677117e-01
8.726513859648062921e-01
9.020559265811800564e-01
8.775689011156558861e-01
9.951971564647150714e-01
8.782324456094517950e-01
1.114792586716252476e+00
1.086280223130696942e+00
9.220008978803153621e-01
8.683962677438555877e-01
8.028211478430291592e-01
9.146540246563911181e-01
8.311143149868664981e-01
8.958282653704308096e-01
8.983279100680275908e-01
8.621556337860077912e-01
9.857920429998340284e-01
1.009253135539800006e+00
9.510613735398383284e-01
9.311927299970320648e-01
8.417974904891646348e-01
8.037843122118292216e-01
7.919511521347539773e-01
9.623523314977369125e-01
9.937027584035059702e-01
1.125683490575707824e+00
1.098607226538177439e+00
1.142301159471628358e+00
1.209248367179437400e+00
1.066694997228925690e+00
1.116570686760445907e+00
8.931135098854146026e-01
9.910422375223959524e-01
9.252950537952602250e-01
9.412156848747559312e-01
9.294013391527484735e-01
9.855540779712658184e-01
1.177617526480039034e+00
1.200868818058409282e+00
1.142759228635182867e+00
1.116970889503501985e+00
7.743326510150396746e-01
3.742021404302708909e-01
7.166333449563974112e-01
1.058630098392347785e+00
9.941391474243423954e-01
1.080841496285292802e+00
1.027709914143258851e+00
1.031311248601982422e+00
9.643504137781436780e-01
1.095583670788957020e+00
1.016437649940514776e+00
1.158178654935009710e+00
1.180128967504561199e+00
9.864867601353345394e-01
1.050588792104267588e+00
1.125891135478137350e+00
1.095976315917338795e+00
1.075598437859686340e+00
1.127051496323929980e+00
1.024351445748865830e+00
9.081769102631971347e-01
9.590585771366891832e-01
8.558652737666481158e-01
8.552846468942443270e-01
8.977088495783622779e-01
8.802174996630508508e-01
7.976965836214529038e-01
8.409191376511219174e-01
8.835441052970713915e-01
8.602213601716123259e-01
9.400467431579259125e-01
1.074891266609667939e+00
1.079934571741359095e+00
1.125544034321555253e+00
1.059553158253525806e+00
9.110793336082235738e-01
8.821814048568690225e-01
9.105160619047023562e-01
8.891382946640017382e-01
9.537457454441428117e-01
9.784429161819307996e-01
9.446326835151359624e-01
1.155854264797883113e+00
1.141728745641258369e+00
1.191116665318934231e+00
9.872645449308155019e-01
8.706622709039117947e-01
8.867159832228473926e-01
7.862209469312063659e-01
8.648132029894080031e-01
8.506178399274449964e-01
8.209014673987691246e-01
7.911645258101596134e-01
8.913383058334948261e-01
1.023456278438148015e+00
9.823892108671962164e-01
9.521719973191581365e-01
9.170691123553429414e-01
9.315858544144518527e-01
9.123073004981399059e-01
1.028051731210247954e+00
9.334247319622758221e-01
1.149267658746079279e+00
1.182791411724485764e+00
1.064593062112578759e+00
1.046812127022205052e+00
1.072740255340083770e+00
1.003778177344721190e+00
1.056049641051777899e+00
9.306032232079912703e-01
9.867986842471108133e-01
9.635960719968571508e-01
9.301834259948683625e-01
9.183645024738500418e-01
9.493525314886390731e-01
9.243690170410621132e-01
1.128582562805087841e+00
1.039338576589887042e+00
9.187383431965820968e-01
1.031341034885509655e+00
9.782033017213160875e-01
9.258318436267020113e-01
9.113801933036931313e-01
9.756207648189652026e-01
1.040686152494745498e+00
9.098957060174690525e-01
9.548666878072362696e-01
1.082778576957040606e+00
9.928057140784051215e-01
1.034025723499486737e+00
9.950916466031963781e-01
1.104418634604306559e+00
1.114627272854660456e+00
1.055460778650770592e+00
9.920858966242658283e-01
9.717394555322549365e-01
1.000148359499004824e+00
8.839450964943120770e-01
9.455035769747620611e-01
1.009625544457257273e+00
1.103512259874837254e+00
1.019669677724986290e+00
9.104974525982155731e-01
1.068360341578296291e+00
9.947498628127710019e-01
1.059396875166336738e+00
9.842747317522693162e-01
1.060187142486686440e+00
9.656614621624552974e-01
1.050535559398437346e+00
1.059649042930922214e+00
9.838593133324379236e-01
1.153309913976738210e+00
1.153211658545983287e+00
1.123258644240056947e+00
1.037249129857906293e+00
1.060230924435798361e+00
1.151995732254213367e+00
1.064655674637237315e+00
1.179068933791227902e+00
1.107552839270082412e+00
9.593036189210534248e-01
1.053966134578558700e+00
1.104181028218432559e+00
1.108244756623772531e+00
1.071303067481969684e+00
1.179237416793454285e+00
1.029284503948773910e+00
9.451955990478976277e-01
9.567497201596594225e-01
9.236431122468644617e-01
9.209127062911557360e-01
8.559248101632762618e-01
1.098487052212442805e+00
9.424000532644588590e-01
1.037569975022616386e+00
9.380703928019907822e-01
9.273401313325313478e-01
9.328028996014655627e-01
9.324431012668522589e-01
8.564786398916587329e-01
8.878116630664507625e-01
8.877641775546197822e-01
1.011935310383519138e+00
1.059803108911189229e+00
9.302280841202089645e-01
1.016798964121366833e+00
1.048349697378959444e+00
8.485034625820100374e-01
8.960224323132629509e-01
8.590587368894928577e-01
9.048619918671053641e-01
8.668413411106733468e-01
9.114113100686288549e-01
9.371773723602268014e-01
8.922271381270079349e-01
8.552603475708221437e-01
9.627950352620503471e-01
9.846215357777778898e-01
9.178877773854960953e-01
9.281868161127607708e-01
1.004194538130892322e+00
9.252192417464524254e-01
9.493812069566834877e-01
1.142055822274114396e+00
1.131069573034989784e+00
1.111305909171935502e+00
1.108289244436011067e+00
1.065200413861365991e+00
1.026161630928055679e+00
1.182534968434162836e+00
1.149310072603854760e+00
1.135454089527619281e+00
1.170677397978510781e+00
9.999271396862230432e-01
1.079145052738114785e+00
1.102023975246726684e+00
1.089851282506794750e+00
1.073905230707582703e+00
1.038615664885287782e+00
9.674393277880015685e-01
9.361932640895362923e-01
9.509044620283136906e-01
1.051843762448363195e+00
1.083487873819798386e+00
1.092023275188137132e+00
1.030767060172820937e+00
1.038540437736057198e+00
1.133933871856037001e+00
1.002652460070240892e+00
1.123457538827163038e+00
1.225987598152511460e+00
1.020751741545631752e+00
1.061557375317029095e+00
1.079792582628199771e+00
1.153379183310986100e+00
1.261887958184259029e+00
1.141479188107622944e+00
9.623380040607253383e-01
1.040097437618149323e+00
9.514108952180804213e-01
9.901728998175080010e-01
8.056148604526353063e-01
8.877367913840108482e-01
8.710093070562303641e-01
8.726447130101857574e-01
8.968347098734671397e-01
1.007109677218859911e+00
9.192663685870212653e-01
9.953821762669134987e-01
9.292649551867073754e-01
9.953111057202707057e-01
8.837481232943086296e-01
1.027408183658865104e+00
1.079708996015957823e+00
1.082469221589581920e+00
1.156299151545842729e+00
1.186866013257354968e+00
1.308813580453128234e+00
1.091211271554306084e+00
1.086070159589898498e+00
1.151847178075029232e+00
1.129811247501150584e+00
1.113959989703360742e+00
1.206812397470594656e+00
1.174850434880837291e+00
1.105262278043197322e+00
1.110114811920891453e+00
1.145039626965399515e+00
1.071082885438748633e+00
1.093009818392853383e+00
1.116972512430761233e+00
1.122746197938436330e+00
1.105196222170826470e+00
1.057130593840726274e+00
1.041777732180655169e+00
9.986241408439290312e-01
1.084481607454510721e+00
1.049623416710363299e+00
1.023626859245201137e+00
1.041670812043385963e+00
1.139054933848760776e+00
1.062672589952866620e+00
1.052370524496562654e+00
1.015848334971144018e+00
9.768582157215088824e-01
1.021974671067700235e+00
1.043556443881140439e+00
9.181982079892749837e-01
1.087482014806297803e+00
9.982548980966753360e-01
1.058240979619011535e+00
1.026038446531669868e+00
9.634938354133738558e-01
9.565361558047373869e-01
1.085454445108104071e+00
1.031141157165331723e+00
1.025773608494818134e+00
1.051334779904688599e+00
8.759297575648165024e-01
1.057970838410725811e+00
9.589838330202713479e-01
1.003823818135195056e+00
8.721703983212565348e-01
9.511082294113505364e-01
1.061227320879310154e+00
9.642660712728128303e-01
9.758460803078747858e-01
9.085818537914619464e-01
1.046397975537331160e+00
8.784958581079576057e-01
9.395155158818229157e-01
9.654449535836640006e-01
8.905613463626149695e-01
9.020965747512807997e-01
1.007639734774798734e+00
9.265930587465388557e-01
8.858930422574241570e-01
8.536854426887506841e-01
9.748894990679138894e-01
9.666340024052169078e-01
9.604950087476138432e-01
1.010172446687550796e+00
9.440367142586914007e-01
1.059212909277955417e+00
9.788816490570911855e-01
9.364225503006978757e-01
1.005182127163596117e+00
9.918026234607023595e-01
9.635705404622771919e-01
9.738777444048379861e-01
1.007216623391722576e+00
8.941610557093119249e-01
9.315189842244643303e-01
1.047385493282952273e+00
8.876197445809439479e-01
9.670824999072614725e-01
8.923263481065493163e-01
9.510520657698383618e-01
9.090117164975050068e-01
9.660857504860916878e-01
9.683684326258503727e-01
9.248672112524001232e-01
9.494239476082981799e-01
8.989835565945687446e-01
9.358414174371125771e-01
9.568396939951206992e-01
1.008989917797122216e+00
1.073032582422662973e+00
9.843584685432473780e-01
1.068396897259249245e+00
1.080487625174846755e+00
1.132279293415294541e+00
1.047403266310522829e+00
9.831245655884569556e-01
1.124504184922420658e+00
1.115014565855379391e+00
1.083763807342156271e+00
1.086900863940814199e+00
1.062320558172274776e+00
9.746635198951545398e-01
1.047453697816194129e+00
1.022340138032978851e+00
9.742843930080614667e-01
9.596508043668169341e-01
9.945470734395470691e-01
9.700564729045975110e-01
1.004124831510688098e+00
9.746786498772220808e-01
9.194747341107198935e-01
1.010279417229960952e+00
9.457861622061863871e-01
9.297942227256784653e-01
9.992228281103776588e-01
8.561051740973444346e-01
9.915646939201340215e-01
8.455043399633536128e-01
8.544892777050172583e-01
9.015134864360295763e-01
9.841678838277051478e-01
9.458633979377639722e-01
1.027055847584642301e+00
9.586661021709165231e-01
1.027887315717951999e+00
8.440291298449295043e-01
9.217594911661419754e-01
8.857731869608570507e-01
9.713769377068806055e-01
9.385920538085389397e-01
9.734164742327755526e-01
9.372530554531923741e-01
8.854552344897078653e-01
1.032828213251652860e+00
7.147509476678965967e-01
7.659489635032761257e-01
8.498932868576181132e-01
9.520135711707964354e-01
9.718324577613413062e-01
9.714365497480211831e-01
9.244971759780624687e-01
9.489775291466679974e-01
9.530195582756435524e-01
8.793156592231230473e-01
1.133062468437818548e+00
1.104940993365305824e+00
1.037168191394298056e+00
1.081546768100237754e+00
1.018654797488493635e+00
9.823362956944422519e-01
1.033204554175491507e+00
1.159933719568392085e+00
1.135316803335660651e+00
9.861950555468077528e-01
1.141977600604533238e+00
9.928354129697298802e-01
1.014838202285081037e+00
1.031007636199924749e+00
1.001776786532146302e+00
1.137723727921698513e+00
1.050407414187836341e+00
1.025904782971223339e+00
9.981248781911589152e-01
1.002654620201460123e+00
9.986790401664882300e-01
1.017365719658972933e+00
1.121264714446110533e+00
1.076559907820128670e+00
1.057659270707784316e+00
1.171879137748642830e+00
1.215828190701956357e+00
1.201030928153588473e+00
1.100113673323982022e+00
1.064004848201710818e+00
1.074333754879755354e+00
1.016551634165898221e+00
1.109311436494373027e+00
1.117771481934501265e+00
1.053559297711338383e+00
9.391793926653663194e-01
1.154268665549962103e+00
1.239700378101992850e+00
1.281455201556850110e+00
1.166750699512197675e+00
1.182663487014174342e+00
1.269745741011078621e+00
1.160623361858006186e+00
1.146441095769350493e+00
1.014593559649655141e+00
1.083301461089228646e+00
9.458571953263993359e-01
9.331077574174478917e-01
1.113169619745144168e+00
1.123712484846904891e+00
1.109069262630082875e+00
1.080844074811671440e+00
1.064846944874258794e+00
1.046520023855934456e+00
1.112279517401290274e+00
1.084301354820738972e+00
1.100567009553076847e+00
1.151133323866269764e+00
1.221962388803527366e+00
1.189925669493066218e+00
1.128525562542888494e+00
1.057172172091064510e+00
1.087315783742102804e+00
1.131280735080482547e+00
1.147603116537571299e+00
1.167274826685813283e+00
1.129838431177588864e+00
1.174770020183868002e+00
1.074984081719225770e+00
9.796643290845287178e-01
1.004745495303086322e+00
9.601772815473252898e-01
1.065427125865030300e+00
1.070640989812226440e+00
1.165268195169944399e+00
1.220381088444866258e+00
1.082851723679664646e+00
1.111439029979393256e+00
1.034529358241628172e+00
1.156124217265784626e+00
1.100797856433023858e+00
1.123073521205720127e+00
4.020609226155301696e-01
1.921859648904360729e-01
5.287596500490885365e-01
1.156132398826574814e+00
5.178492229573917749e-01
1.424842073532426867e-01
6.169538362447261060e-01
1.206163759719980133e+00
1.164573114574656731e+00
1.232005523014345849e+00
1.182076126520950732e+00
1.080266290802678997e+00
1.133315462720230649e+00
1.167214103771726075e+00
8.745823436791732020e-01
9.564738708710595061e-01
9.077793919087054908e-01
9.663262515305368616e-01
6.320683501082240419e-01
9.877208767899749997e-01
1.008573405373154541e+00
1.050681285252670349e+00
1.029738624128398561e+00
1.097702166615432740e+00
1.118937205748071095e+00
1.127585374039970390e+00
9.318041094227320631e-01
9.392083311691887815e-01
8.840620318816648782e-01
8.418898268682633024e-01
8.592289701060619178e-01
8.666695842226286306e-01
8.830009037857454723e-01
9.348767313490509157e-01
8.742155756157158342e-01
9.216585588412107288e-01
1.213461694320405737e+00
1.027312921833795523e+00
1.033416987776489604e+00
1.000221823865055537e+00
1.070189985710509495e+00
1.007717177658542740e+00
9.758843310932472370e-01
8.876744781838391551e-01
9.401179714628148387e-01
1.053544357542869125e+00
1.152886200819357443e+00
1.084496519097944089e+00
1.036642134282403704e+00
9.487701167334879893e-01
9.506522092088981468e-01
9.331737596693285841e-01
8.611854211470888476e-01
9.044029584503519015e-01
1.065067462512968799e+00
1.056329247834004725e+00
1.066691335644085026e+00
1.082470946347642959e+00
1.169333996098860240e+00
1.195100059950146454e+00
1.012589142605773818e+00
1.067104646797857992e+00
1.029709850076771627e+00
1.154827917006915117e+00
1.135058765631659972e+00
1.096598793004448957e+00
1.109903032338731776e+00
1.181133010467185773e+00
1.001827299216875966e+00
1.140945382171228761e+00
1.084897930459832294e+00
1.075656347544110991e+00
1.150326104242018976e+00
1.068049130596937291e+00
1.017071264387555463e+00
1.072584229968545744e+00
9.916699694006383403e-01
8.656507260084752575e-01
9.098026156309282353e-01
8.772889285048777186e-01
9.109153212063623162e-01
9.468152066997231886e-01
9.685412778316120352e-01
9.403813343061040442e-01
1.092496310448341612e+00
1.188341255784981287e+00
1.199649981921032227e+00
1.180708730192459477e+00
1.193774902936943771e+00
1.207252772673447216e+00
1.218621977290387237e+00
1.047913136920513244e+00
1.168879130649100651e+00
1.074344115061423022e+00
1.132643049054110618e+00
1.018389959493177566e+00
9.939408915510197229e-01
1.088895451716027862e+00
1.174563816663907856e+00
1.178700321593862288e+00
1.019286284301470724e+00
1.094086639177974885e+00
9.320060840911550404e-01
9.372918861053622930e-01
9.752279537676077359e-01
1.024274325906523897e+00
1.033136218894056935e+00
9.543194571883849564e-01
1.098980308864492050e+00
1.002172556045189955e+00
9.749828247878445930e-01
1.029839085876601557e+00
9.659298457890370670e-01
1.003453199332220436e+00
9.748687515096490230e-01
1.011943564033271237e+00
1.043741321543196765e+00
9.931177058872208141e-01
1.062128313448620132e+00
9.926451641038999130e-01
9.280174226838595608e-01
8.462324467682297291e-01
8.617543677836008165e-01
9.499263897484728769e-01
1.024936092980827995e+00
1.075083607677777442e+00
1.127629445881167314e+00
1.188269698623394932e+00
1.036471476870599151e+00
1.137274452110980771e+00
1.075867203649788717e+00
1.106272009526657163e+00
1.048752318689280871e+00
1.103633030515912994e+00
1.030501525838752874e+00
1.105405897484308619e+00
1.088334716626246923e+00
9.824455903836144532e-01
8.978530405027242978e-01
1.090498095301667636e+00
1.024790739446165055e+00
9.008271386543452719e-01
9.951262919935240925e-01
1.085015222427155202e+00
1.011773907035361519e+00
1.071118651407440225e+00
9.848987470132392064e-01
1.020098419042765103e+00
8.353967050185416854e-01
9.488913170519178708e-01
1.139029531722915101e+00
1.126016242863036476e+00
1.093905511833943578e+00
1.085884896907935548e+00
1.063469481871337052e+00
9.651849963065171067e-01
1.148321125335769910e+00
1.195379179139542059e+00
1.112687592940090342e+00
1.095584053287786075e+00
1.114573337076141923e+00
1.210859108676572982e+00
1.094985808943587324e+00
1.068444700251030222e+00
1.106947545975299985e+00
1.132781568834762886e+00
1.092696864402264323e+00
8.492598276539182756e-01
1.095919256850055312e+00
1.004278901489480846e+00
1.005630806718595727e+00
9.910960633335774705e-01
1.097378744441627196e+00
1.094411749563289682e+00
1.019526595661614854e+00
1.034841596404668218e+00
8.864035885967964656e-01
9.995314445567535788e-01
4.354396203179238256e-01
1.177625475660125653e+00
1.203189600375114354e+00
9.975028145841458027e-01
4.830355551024173022e-01
9.247019522125556890e-01
1.212895422214260943e+00
1.192142906309308303e+00
1.093043975635111797e+00
1.114060244778846576e+00
1.137800537415145419e+00
1.135660042699119021e+00
9.781498505979188129e-01
9.694322280716134443e-01
8.715295202705340971e-01
8.952109036667262876e-01
8.889755462597183078e-01
9.408098687873774901e-01
9.929776267961792913e-01
1.113338122093275429e+00
1.007481300752919973e+00
1.105476204321915734e+00
1.193323716453370320e+00
1.108962159348882759e+00
1.060129191819439542e+00
1.077948757800094803e+00
1.084117199663791720e+00
1.052654774809402394e+00
1.065770843086410569e+00
1.024307062097411070e+00
9.760582041044211232e-01
1.019596343664887828e+00
1.050912396956049433e+00
1.109201483759943541e+00
9.188966052398926943e-01
9.512290473409533709e-01
9.086982822525212500e-01
9.839675516117973864e-01
1.044605723860523305e+00
1.065375423422864287e+00
8.948354632524206931e-01
8.805951305895803882e-01
1.082090718856612899e+00
8.806419931397901912e-01
7.658360170753066853e-01
9.273264108851849707e-01
1.016049392786304129e+00
1.026002568231405121e+00
9.737803426737592360e-01
1.019208243045209406e+00
5.731456394003188182e-01
9.950059022495535421e-01
1.014738664291425785e+00
1.001186733013742947e+00
1.002860906272879715e+00
1.083233320497509311e+00
1.007543395497497274e+00
1.068000557850278920e+00
1.053659767950735349e+00
1.126718280270511574e+00
1.062366510009968845e+00
9.324732389465902882e-01
9.051651944099783353e-01
8.605454261022125184e-01
9.739412773289560787e-01
1.175271066629216765e+00
1.047743602608296243e+00
9.468523253244809368e-01
8.617839290402705688e-01
9.265513984063975528e-01
8.783199377894288506e-01
1.028120037544964172e+00
1.083021804409021405e+00
1.036090457610568727e+00
1.067258436875548222e+00
9.257097724285745510e-01
1.076900350166279274e+00
1.038644795140680532e+00
1.068586071646767000e+00
1.020239847012623269e+00
1.123414046661005861e+00
1.116120293914840023e+00
1.139518717306322815e+00
1.082569257324778489e+00
1.068500623175107744e+00
9.265806497644526463e-01
1.010972089436062316e+00
9.511709972311310768e-01
1.059626094943610042e+00
1.135936238237194029e+00
1.078900577862618171e+00
9.587178771504002439e-01
1.011984387282523601e+00
1.052830997699860660e+00
1.093049798271042761e+00
1.026939842555707028e+00
1.030044598444008530e+00
1.041107789593944011e+00
9.064367745752833772e-01
7.925014262771721274e-01
8.519662758734631858e-01
8.662710474431922769e-01
8.369276409169201791e-01
9.140285781024262146e-01
8.809002797897952375e-01
1.016097068613210253e+00
9.464581062372353637e-01
1.081148944866906936e+00
1.072298214370411840e+00
1.166713715579344557e+00
1.164247023806846970e+00
1.173951837076220750e+00
1.039564018488665642e+00
1.197698790610794983e+00
1.203859889595646493e+00
9.177371382047933013e-01
1.047267456429005428e+00
1.068269482055661745e+00
1.093144676114990110e+00
1.125191084245924511e+00
1.168514910818802433e+00
1.014567670380534636e+00
1.046659803524897070e+00
1.155908492260656839e+00
1.228307661918810245e+00
1.159509447329733600e+00
9.908726261588314266e-01
9.871608163945695402e-01
9.288455941179681874e-01
1.013422099805985521e+00
1.052254651289894039e+00
9.311704545046892711e-01
9.642925123454151315e-01
9.647382444035336180e-01
8.832844772022940827e-01
8.133758182581732887e-01
8.427412755928941346e-01
8.675217218955318943e-01
9.173008074621585850e-01
8.513789182720747917e-01
9.010337593349035945e-01
8.513615294832795888e-01
8.719178252570757293e-01
9.227266491036211216e-01
8.620163495416649502e-01
8.371841791314728054e-01
8.106851961468244383e-01
8.903072778798607478e-01
9.357557625115030531e-01
9.429669195624060807e-01
9.858289453282951253e-01
9.374248318082292197e-01
9.476166605231274298e-01
8.730636936797793179e-01
8.498554165496515767e-01
8.374972332628559668e-01
8.115443897379983618e-01
8.749550722042451767e-01
8.839990046750728636e-01
8.554321345038695679e-01
8.200106548685102137e-01
9.078771546990971331e-01
9.319411882095643973e-01
9.429584041136861439e-01
1.082891916503694762e+00
1.117060099592503075e+00
1.132842934285727798e+00
1.173555639212560342e+00
1.127196470157312058e+00
1.086466245230057970e+00
1.220732488182297404e+00
1.237405874462523592e+00
1.078038790418843096e+00
1.020230944660359018e+00
9.493346025893669715e-01
8.589737795037690749e-01
9.425035083372260702e-01
9.375179490768406065e-01
1.005639958673733680e+00
1.040943249553342165e+00
1.057902795522295714e+00
9.495445562138952189e-01
1.018463024147217011e+00
1.070317686712543015e+00
1.005580372222427021e+00
8.461729572258216425e-01
8.504183140975685173e-01
7.154855777609657741e-01
7.619360921363509398e-01
8.646104289004205024e-01
8.096855784261178801e-01
8.425523173433429047e-01
8.944317035754483225e-01
8.215059768602700485e-01
6.018210469516505068e-01
5.998726506156425442e-01
7.587507741718352294e-01
1.125195853750095898e+00
9.932649046081846178e-01
1.136316113908921510e+00
1.024881211594981023e+00
9.853919607713031992e-01
1.087147320521795857e+00
1.087591613301891247e+00
1.148207727915376841e+00
1.172377314186188624e+00
1.083561535468006820e+00
1.174101242078577911e+00
1.138038282696544057e+00
9.976122455474908390e-01
1.010346733404560826e+00
1.093616083046130338e+00
1.084737894842825234e+00
1.116491372356262834e+00
1.044314121433302933e+00
1.262903009903341589e+00
1.073930991934484824e+00
1.003710484214928034e+00
1.016003803031202413e+00
1.027382048509335677e+00
1.110249883098947121e+00
1.095096950429436777e+00
1.081442994981963057e+00
1.001214397556116964e+00
1.136583426875609426e+00
9.458788464694809495e-01
1.050487341784816175e+00
1.000398239583192295e+00
1.016062672315325210e+00
1.110983343137664336e+00
1.083287195188023189e+00
1.098398353603584177e+00
1.033842660890016196e+00
1.042602429426998434e+00
9.589915157123998224e-01
9.119723627798946852e-01
9.289996662681585526e-01
1.071246818607264784e+00
9.922002539226280060e-01
8.494197961900437077e-01
9.116997836660092336e-01
8.476045274888307501e-01
8.558305423419386715e-01
8.078595652501779911e-01
7.805933437701509936e-01
7.586754549757086519e-01
7.774306871037992561e-01
7.588515613891536615e-01
8.368725737493986072e-01
5.004986713700605439e-01
4.208032762327179599e-01
6.733608299876707726e-01
1.507352355309114211e-01
4.757126816912967682e-01
1.116639907286480105e+00
3.910891344558928284e-01
