5.365991123666260382e-02
4.426224187317857189e-02
7.770409119221623195e-02
9.853350853008699864e-08
nan
1.799327853116781950e-01
9.866091031484211515e-02
6.174838687095055567e-01
6.876109898666845632e-01
6.400324374887453871e-01
6.262645865520138910e-01
6.266055558204509657e-01
5.777956176619354345e-01
8.262685029484458932e-01
6.684954658215995771e-01
7.650029015624483231e-01
6.248868424680847911e-01
1.090522350272594476e+00
8.013498044770187567e-01
7.749586041389209257e-01
6.960170311877329485e-01
8.305434783090527295e-01
6.101003399438310604e-01
7.268103225633711917e-01
5.637405483082524871e-01
8.460347996922806812e-01
4.272787844739361907e-01
6.728117165952954837e-01
6.604965663061995729e-01
7.670670711342078008e-01
6.446021589231641924e-01
7.022936889174739017e-01
7.312810419606678991e-01
7.073885026595601033e-01
5.918524909385829424e-01
8.488036144861718091e-01
8.333377207397273390e-01
1.049138144225107316e+00
5.187706959544329255e-01
1.065417650549037865e-01
9.946887036480425159e-01
8.960838559322654717e-01
9.508927053069797797e-01
8.497230636276335014e-01
8.995713137397408632e-01
8.083215722687597804e-01
9.237868460820608529e-01
8.015931047363967776e-01
9.764803679898220734e-01
9.320398308414902244e-01
9.227746100169426091e-01
8.897406348325306302e-01
9.106020076198233504e-01
9.588826518942341615e-01
9.322062269922759548e-01
9.524811814314741998e-01
9.979861696631531220e-01
9.311717335511205951e-01
9.075324388704343326e-01
9.857107214937648187e-01
9.835699111535819439e-01
8.809150932003926293e-01
9.725717382296966695e-01
8.785697178860780721e-01
1.080976777449729420e+00
8.749359120999207207e-01
9.683402152099332971e-01
1.140123483286846540e+00
1.190262644843353756e+00
1.108848556698108112e+00
9.408676108733325938e-01
1.025536139333496743e+00
9.591664332625645661e-01
1.008270759183935938e+00
9.295123993735189272e-01
8.507717879993073051e-01
9.246389606673931505e-01
9.504786749631733977e-01
1.048994432581398906e+00
1.137451347251639655e+00
1.118566979502227277e+00
1.190536460869085600e+00
1.147963827403917669e+00
1.089810093021615023e+00
1.075713944162264957e+00
1.167346748592355654e+00
1.223788368181887076e+00
1.314330825480414022e+00
1.211939736003031731e+00
1.167392729981074018e+00
1.161649638787736194e+00
1.145138550856563686e+00
1.158685584667464186e+00
1.047059912821818539e+00
9.940410457858139814e-01
1.050524929447649969e+00
1.075762312078516691e+00
1.053022169343008629e+00
1.136285259667318970e+00
1.123293282708269336e+00
1.149421085292066769e+00
1.183122085082919162e+00
1.107953605200153291e+00
1.150244158346503731e+00
1.149142682998238518e+00
1.196512238184656018e+00
1.082243813478981354e+00
7.551152181230224025e-01
9.102651473479587141e-01
1.042233264008155302e+00
1.137527742133966902e+00
1.086820123047000708e+00
1.168489000372699538e+00
1.120750692734482579e+00
1.078966704889717132e+00
9.287017727142640178e-01
1.016020433394725364e+00
1.017728865900911162e+00
1.036917982678909445e+00
1.121594872586360925e+00
1.053372739263246594e+00
1.108571728097687670e+00
1.136522771739370885e+00
1.238685497470870089e+00
1.178123349591379432e+00
1.147471083115751300e+00
1.040519033110281821e+00
1.078554784038032954e+00
1.023606669393566371e+00
7.664854421502474979e-01
1.039573316100121936e-01
4.006667491163469208e-01
1.876391898409544290e-01
8.396138146099180188e-02
2.100375618549623138e-02
2.330414934508151861e-02
1.051225374037312831e-02
3.798740322367019084e-01
1.045145657860863775e+00
1.037557238312164287e+00
1.175054300739659885e+00
1.085842111552802303e+00
1.125976631981497000e+00
9.818181917688091342e-01
1.077351931295910337e+00
9.474738279607662905e-01
1.057747785597716650e+00
9.771869968273921847e-01
1.150951067783389847e+00
1.048363374696612338e+00
1.145681593506226337e+00
1.047037400354685843e+00
1.068160067823196169e+00
1.025098542312927297e+00
1.146862338436870576e+00
1.116019961257194826e+00
1.129342944848424457e+00
1.105737321299437470e+00
1.137979832936637736e+00
1.171423889292553033e+00
1.046627334258343422e+00
1.109917016073992624e+00
1.144317723962849254e+00
9.263027230937439516e-01
9.917087422491528415e-01
1.053710662640998663e+00
1.165631314772735960e+00
1.118364736202072995e+00
1.510408161184067177e+00
1.986255821098035446e+00
1.041508649426997168e+00
4.451867821670752456e-01
8.869929685668197505e-01
1.023164403532027311e+00
1.097960396465119226e+00
1.045034516082767651e+00
1.026765079593731311e+00
1.085151932018814547e+00
1.083029881031648323e+00
9.306197682917655145e-01
9.172812157576385461e-01
9.735291740658348347e-01
1.136189093318621834e+00
1.042921705682347211e+00
1.000417464860052119e+00
1.040607382260667402e+00
1.012368794165974473e+00
1.016432735195104353e+00
1.001786563355960391e+00
9.562914870414057633e-01
1.013611426558245876e+00
1.088963596260971833e+00
1.103454295388298201e+00
1.053481443351577784e+00
1.172932392343430275e+00
1.174276913205825501e+00
1.042188539515525036e+00
1.196836643605068806e+00
1.193801204689943107e+00
1.156584774371737012e+00
1.156644726265476431e+00
1.116742756014580840e+00
1.137650810820406200e+00
1.092910595606491064e+00
1.211154469403898037e+00
1.029142883531012354e+00
1.075176550448001978e+00
1.007586948648849345e+00
1.111759181320294942e+00
1.076642969376532033e+00
1.076443524625084969e+00
1.093302738100021543e+00
1.101778129332049216e+00
1.120695916052618202e+00
1.216619505102392029e+00
1.161173143510117578e+00
1.111215222573699757e+00
9.815985930072146370e-01
1.011481822233677885e+00
8.989461536622109783e-01
1.158603286718455472e+00
1.030221023614002585e+00
9.848550263580319042e-01
1.078140329804257780e+00
1.150113046348054668e+00
1.017676384377255827e+00
1.034421776156705386e+00
1.096341529054310593e+00
9.955074267010908251e-01
9.682153303060007099e-01
1.019443748162169427e+00
1.040442037166998013e+00
1.032406146210280262e+00
1.163428302976955875e+00
1.281736826091942394e+00
1.175599161480445964e+00
1.102327658744740591e+00
1.127406822583941093e+00
1.152256266997131684e+00
1.148632760942860598e+00
1.167784184619200749e+00
1.132300043373347886e+00
7.628611341045788974e-01
5.416769051816315850e-01
1.081209913641877352e+00
1.127496979222425644e+00
1.070853268024524407e+00
1.178117541302671434e+00
1.128312412434742340e+00
1.090375325038999366e+00
1.213850029137925945e+00
1.144747355011780154e+00
1.084044433449948830e+00
1.000863782258892165e+00
1.189240036354870522e+00
1.125185835950069269e+00
6.648410495956024180e-01
9.885091467846398583e-01
1.055132727767061462e+00
1.049001336674681539e+00
9.985601080767726456e-01
1.131749553001607067e+00
1.141803183466971072e+00
1.096779681272440188e+00
1.169686673979840164e+00
1.079631818930396836e+00
1.119227161636249246e+00
1.079326535357018946e+00
1.095439999258245756e+00
1.170020721318742352e+00
1.221594303430605599e+00
1.092757944099307155e+00
1.072433497156123128e+00
1.007902648020799541e+00
1.111537147767643674e+00
1.144934559944350339e+00
1.048186850003462345e+00
1.188563294324808339e+00
1.014041045454513457e+00
1.134423581596736064e+00
1.216573914359577069e+00
1.101723792717868022e+00
1.187264020333136161e+00
1.177379029208296179e+00
1.275770747708262043e+00
1.225394681753382065e+00
1.158159568517674209e+00
1.195172719719462151e+00
1.139267184834975355e+00
1.157099826601847292e+00
1.132958896575219976e+00
1.127120646477125954e+00
1.218415186545573459e+00
1.091135191780497671e+00
1.136519950137081736e+00
1.151909236967070038e+00
1.082520617111385475e+00
9.787072143818150716e-01
8.848532969111065904e-01
nan
8.455736263186562907e-01
1.136773720108406938e+00
1.020838209454779655e+00
9.738001871516653862e-01
9.985482204127872352e-01
1.013514638687054825e+00
1.015306523691602791e+00
1.095831946481297114e+00
1.002085244901761873e+00
9.654432424774154198e-01
1.019454156607469741e+00
1.018192260506659341e+00
1.168423409667110668e+00
1.081516536010327600e+00
1.195789664650204198e+00
1.151400643051917472e+00
1.071523434064236557e+00
1.184093337243862676e+00
1.140548224980387326e+00
1.063054481682045527e+00
1.176963309417506709e+00
1.032437484495678293e+00
1.049259725695760981e+00
1.216005851820044059e+00
1.246416558917835982e+00
1.169219709513063199e+00
1.145784637201858303e+00
1.160642902463480564e+00
1.134781127887989793e+00
1.156614409990575743e+00
1.210600447467334639e+00
1.097475607707448342e+00
1.151302020494753275e+00
1.102901358663362474e+00
1.189940861518892001e+00
1.142788369257550229e+00
1.150672987569971717e+00
1.087702766576010616e+00
1.110560046224458253e+00
1.175498360719580582e+00
1.087019827876409162e+00
1.025160881421364634e+00
1.073500862488007801e+00
1.022020212344390222e+00
1.116307816626053384e+00
9.515377192331916367e-01
9.955631732681957669e-01
9.577818790268555205e-01
1.029401409065300310e+00
1.129141986886823101e+00
1.091071922825403329e+00
1.087187012373016959e+00
9.952328879743266299e-01
1.111187441518881824e+00
1.048058459960948152e+00
1.137034260650388040e+00
1.159466435692575681e+00
1.200088721889470911e+00
1.098736751656500310e+00
1.170480155556416380e+00
1.106692332785563337e+00
1.197080741019773242e+00
1.177638453877444480e+00
1.186517479185639434e+00
1.153250211083905352e+00
1.143208016050586195e+00
1.111519718579749405e+00
1.158670519428145473e+00
1.143238820420958035e+00
1.151432047803181646e+00
1.024246590731771267e+00
1.069373520019148760e+00
9.822322067027916548e-01
1.028564743068073994e+00
9.746063052039037888e-01
1.058190503559382378e+00
1.016951285850971942e+00
1.016907080781085382e+00
1.070395567645917811e+00
1.160315630447787516e+00
1.175743639597684576e+00
1.080124023695939961e+00
1.102417319368792725e+00
1.206985105281924042e+00
1.188997346128032984e+00
1.078117079486563767e+00
1.188581984344782017e+00
1.092096076289786222e+00
1.097648433263856083e+00
1.164118289226782510e+00
1.094415117419609285e+00
1.006156667525794246e+00
1.148493145746332544e+00
1.113854120461901243e+00
1.181040833033627280e+00
1.210505846690336673e+00
1.203708907928445315e+00
1.131343015830814425e+00
1.216730384115135566e+00
9.879807192469071131e-01
1.163141699240407334e+00
1.146192731645028218e+00
1.031225012800426111e+00
1.181958856653482881e+00
1.182823428005253641e+00
1.197152959528766658e+00
1.158091149044961687e+00
1.151292861021311342e+00
1.195450789042516559e+00
1.140628314957135236e+00
1.062907569492824500e+00
1.180759335858468706e+00
1.128601038405637746e+00
1.171331326467115463e+00
1.114504075346645529e+00
1.068281235047945588e+00
1.101358012373022666e+00
1.144707873614684956e+00
9.951583520008865369e-01
9.485521216726681137e-01
1.235959815017694918e+00
1.186478570369663643e+00
1.175690121198035509e+00
1.167114267071960532e+00
1.170750743798556925e+00
1.054877335763672042e+00
1.035302286541143424e+00
1.123290422622914342e+00
1.158779178107098407e+00
1.112520231373302915e+00
1.070491024171417838e+00
1.165461652570109363e+00
1.148433153188782363e+00
1.144271309956386373e+00
1.061739796641013367e+00
1.043551948315894595e+00
1.201162365847648683e+00
1.108342951270528065e+00
1.177321619802661701e+00
1.107674564308731124e+00
9.070007822812546916e-01
1.165754091208170751e+00
1.183272775500093132e+00
1.161242960727362439e+00
1.091004218815160742e+00
1.200259809574434122e+00
1.113054086676651400e+00
1.116558175593442837e+00
1.040783306920242568e+00
1.099358385566791663e+00
1.046687922165939977e+00
1.167744948103157876e+00
1.124202378944311631e+00
1.161805587838243392e+00
1.238499612248102011e+00
1.017874873390777202e+00
1.041471371085749276e+00
1.113032047125241286e+00
1.200232866896278283e+00
1.212071888209723225e+00
1.197326830445464951e+00
1.155208062340932429e+00
1.182933566690731464e+00
1.109860233676937424e+00
1.215389938503570022e+00
1.182521011605550232e+00
1.306025798929242976e+00
1.170790866625735838e+00
1.138511570514531446e+00
1.017112559858228460e+00
1.154316275911325462e+00
1.139924427631507919e+00
9.879620252037287775e-01
8.139145027006216004e-01
9.960971349335167035e-01
8.342344691890110076e-01
1.059754795664097138e+00
1.158112157815326837e+00
1.181122545048205907e+00
1.075904086054301434e+00
9.955279892817470166e-01
1.008712491669035760e+00
9.958842786153179194e-01
1.043357945598598846e+00
9.687416209618160412e-01
1.039096154412505468e+00
8.445204015132564690e-01
8.557729924699829516e-01
7.725586186143761358e-01
9.333033908927790279e-01
1.021479317244270879e+00
1.004536476882823992e+00
1.050858774269413987e+00
1.009426713515375384e+00
8.775659616509843275e-01
8.381058117591568823e-01
9.123615372744893204e-01
7.960804786184438875e-01
8.365260259581532853e-01
7.948096404409071836e-01
8.286504247054941041e-01
8.014229199207812959e-01
7.666769818761471900e-01
7.209466636302461762e-01
7.781668392205267626e-01
9.652330297676116055e-01
9.915098370439238140e-01
1.039597886401912641e+00
1.054902164277554011e+00
1.041453597184315738e+00
1.086111514307942283e+00
1.102694803225828579e+00
1.107673506407309327e+00
1.016854587461998305e+00
1.143381455757878751e+00
1.102938891146960643e+00
1.290812819892180219e+00
1.214657640913900494e+00
1.172360466190429662e+00
1.150700377504888960e+00
1.305949437090693444e+00
1.155385063193308026e+00
1.125642294497976703e+00
1.180551020589895916e+00
1.193164302828259915e+00
1.186689045545720633e+00
1.081282733903649707e+00
1.149140986559129329e+00
1.144466303290141429e+00
1.065370741401299837e+00
1.179545084569280311e+00
1.189945525952476046e+00
1.182282271516223782e+00
1.139189819482444355e+00
1.163648150970387762e+00
9.271631890964244782e-01
1.132674769037167462e+00
1.099611394714330004e+00
1.137701369580255806e+00
8.424131806570143155e-01
1.004509045833795744e+00
1.016805207137398970e+00
1.241913649250250273e+00
1.189307208519016168e+00
1.215500699809392904e+00
1.175537411319074854e+00
1.158702305310990166e+00
1.042442755793388631e+00
1.072717002047118839e+00
1.059762432030700197e+00
1.059218604555127952e+00
1.137450125470784501e+00
1.105687388151317396e+00
1.093909424283943777e+00
1.057182296900798013e+00
1.058589042059702612e+00
1.186573956743484537e+00
1.206350642581272892e+00
1.068510224771893835e+00
1.025892533963215225e+00
1.033439255267011747e+00
9.661713981306218058e-01
1.017675770206985408e+00
1.038128205687325556e+00
9.789439367190397867e-01
1.117041089936913645e+00
1.086801397976757899e+00
1.098305713743017886e+00
1.055729232864617506e+00
1.221510674881713276e+00
1.100903670147159952e+00
9.217748003813289737e-01
1.133533352924645188e+00
1.078068342341902408e+00
1.029462003358907030e+00
1.026827600672113316e+00
1.056280338933201168e+00
9.713089475075393775e-01
9.424504240600991567e-01
9.423324840698891203e-01
1.032772183006371192e+00
9.523983680150677200e-01
1.015714431807564155e+00
1.008450410703090050e+00
1.107349906811790685e+00
1.086918328862074512e+00
1.022247924673183261e+00
1.032164816056883483e+00
1.090927447895110314e+00
1.074865926319980902e+00
1.149822891085928944e+00
1.133513951891312876e+00
1.206232073399502003e+00
1.206199510689301757e+00
1.215897013409456884e+00
1.224300043387752224e+00
1.146642675470565864e+00
1.071325565111535649e+00
1.127255687474207901e+00
1.124909166180541265e+00
9.985927723328363870e-01
1.153494426933705519e+00
1.127229414402915131e+00
1.027341652988350118e+00
1.081394580057594368e+00
9.443598192053304086e-01
7.795870994753465455e-01
8.480636188164337730e-01
9.419733810410378938e-01
7.671756712742445750e-01
8.466290365528366113e-01
9.098009131050126541e-01
9.125581975195811157e-01
9.408076706584332927e-01
1.038762061858502728e+00
9.710534844028553270e-01
9.464465229033852678e-01
9.988496900365482212e-01
1.012634477831310553e+00
9.905000659516501882e-01
1.085740222364349306e+00
1.138081418632340913e+00
1.145450839285271361e+00
1.044942851636229797e+00
1.092313884039157745e+00
1.157037998988159622e+00
1.137250414604380033e+00
1.032375789605572303e+00
1.119623765900111811e+00
1.115873293437331437e+00
1.058246020067329152e+00
1.120564916086797869e+00
1.052594596924652404e+00
1.054069425504496005e+00
1.062242147337167486e+00
1.068480905954129367e+00
1.023034373593769919e+00
1.075256603669271893e+00
1.157576185222347176e+00
1.025357573921786170e+00
1.167738083664946691e+00
1.083719718079622307e+00
1.009098456664576204e+00
1.093664185401908018e+00
1.093331931957473691e+00
1.086644768366600733e+00
1.052151839304460657e+00
1.035149459379431258e+00
9.006755680639363382e-01
8.846911254325676710e-01
9.896463595040435601e-01
1.048573691248261053e+00
9.245674690620793168e-01
1.113049570066277916e+00
1.187382244663709452e+00
1.105518079174721002e+00
1.240208835457615955e+00
1.046550761890473247e+00
1.055685449948193133e+00
9.617103766578170010e-01
7.802492558426105118e-01
1.006228161281801370e+00
8.712770839051358074e-01
8.763075202339993819e-01
9.544988730593630955e-01
8.437581412580786866e-01
9.330080280584835961e-01
1.266853443731683182e+00
1.303056784988119610e+00
1.030603542954078966e+00
9.736722966947833902e-01
9.522277656053388384e-01
9.858951593137171843e-01
9.514528228082382855e-01
1.090840348020933881e+00
1.007318314885860433e+00
1.239153307759235156e+00
1.114209926700868047e+00
1.183159120672653941e+00
1.289006714203684290e+00
1.113732111640630018e+00
1.132576078220042470e+00
1.165851757445466985e+00
1.048604137448112317e+00
9.500605209652230876e-01
9.707183605508962199e-01
1.044983284022017900e+00
1.059265369279210889e+00
9.495042301761258408e-01
9.671794095255440427e-01
8.470751074447994133e-01
7.945311876360003911e-01
7.533313774351145797e-01
7.205465875979756296e-01
8.060788242894816324e-01
7.738589927925386691e-01
8.217175287176852194e-01
9.067174694612832875e-01
7.984893263622625525e-01
7.385042431912904881e-01
7.803428696154771638e-01
7.675336287005884994e-01
7.445866486256763617e-01
7.130323781787017978e-01
8.250062962805105871e-01
8.739665936753849840e-01
1.019179036361911761e+00
1.088398583788597662e+00
1.198290784413453824e+00
1.133185361047117867e+00
8.239176687334198723e-01
8.978708066589460302e-01
8.352844217012148631e-01
9.055198259541681338e-01
9.015071355603890835e-01
9.692959084555714533e-01
8.110872588279333106e-01
7.817667098062619502e-01
7.869046259138368082e-01
7.439732260987713675e-01
8.313359852470606493e-01
7.688859202714243279e-01
8.396353853684794810e-01
7.223393913384924536e-01
7.626309061011686818e-01
7.872452873586216482e-01
6.926887899022851069e-01
5.475543068681860692e-01
6.646834671991435073e-01
7.408898563746189048e-01
6.421473871588765370e-01
7.659307075385527463e-01
7.834736497412255751e-01
6.990450694151683075e-01
7.085343639559766871e-01
7.480722617483336334e-01
7.171173717966247141e-01
6.514495262525016317e-01
7.357028062755195386e-01
6.841950557516390807e-01
7.723102511133904668e-01
7.921028791032510563e-01
8.403500505510139718e-01
8.542560044706052347e-01
8.894004643968705937e-01
7.660421889164518161e-01
7.229195488025771388e-01
7.610412024905934825e-01
7.888242395089699599e-01
8.426792658968572658e-01
9.009069010402082078e-01
1.038962275783582134e+00
9.649521538754178840e-01
8.431758585167745679e-01
8.461470272802408266e-01
8.302965965212686372e-01
9.438843500487578142e-01
9.438610132814185816e-01
8.255699417020833097e-01
8.900101439211585141e-01
8.696483849356528850e-01
9.685601201492616275e-01
1.107801648316446119e+00
9.208884860477283274e-01
1.031786714498273971e+00
9.199298551897737708e-01
9.910701590638454350e-01
8.968050546356127750e-01
9.241230382018916778e-01
9.089647824624971229e-01
9.268248281265153432e-01
8.663213631231748701e-01
9.919229807996546855e-01
9.820408519597139119e-01
9.192103774225132140e-01
9.260386766328662089e-01
1.054432329104711297e+00
9.620402758904386120e-01
9.267575868294013475e-01
1.024930069247187214e+00
1.158744299484904428e+00
1.241951202494301132e+00
1.257623625213248886e+00
1.126719044700512873e+00
1.077542886056278348e+00
1.172144794032902615e+00
9.489884072891763278e-01
9.102221902352624072e-01
8.570895947381126367e-01
8.844196225129157263e-01
8.825014441223582029e-01
1.047239661784462150e+00
9.025729753437443659e-01
8.376312278396552680e-01
7.951367207149900862e-01
7.912689999107851424e-01
8.267438653852207109e-01
7.974052155535016340e-01
8.529500426069404062e-01
8.528137125804626795e-01
8.126867717870188690e-01
8.775226032591996184e-01
7.855826235674940872e-01
8.981219282158243722e-01
7.398730399518482770e-01
6.880460672769738162e-01
8.078537446397157096e-01
8.155502333121001923e-01
6.870601342363852337e-01
7.492054860237792324e-01
7.267008826930355658e-01
8.211109759678336673e-01
7.587915123967863273e-01
7.665135248981070903e-01
7.476426862195160172e-01
8.552008480805303181e-01
7.974702656020428160e-01
8.749849425182608664e-01
8.984066715402331260e-01
9.624705166970612957e-01
1.118771144742964907e+00
1.048415197417063016e+00
8.711855013555677152e-01
8.662195682916709050e-01
9.097417126945607224e-01
9.676976458171163697e-01
8.878732762829043557e-01
8.546553143929145335e-01
8.467728109006367188e-01
8.712596050525585056e-01
8.281877271114711503e-01
7.465030637177701989e-01
7.740272292703512802e-01
8.808726303736932328e-01
8.300885067701533337e-01
8.609921942328817579e-01
5.819066570278644823e-01
5.476376353104944750e-01
5.781154953168875510e-01
9.175183530412299726e-01
1.013241632429879191e+00
1.042866252369180735e+00
9.846793077701788688e-01
7.958195940589213313e-01
8.986224008299060761e-01
9.246063749664413800e-01
8.538976195467414820e-01
1.027986004318009128e+00
1.047484212668280401e+00
1.106997890580128985e+00
1.191537925798773934e+00
1.144160234917705132e+00
1.055140214664831655e+00
1.124591701150320810e+00
1.222409435951738788e+00
1.037548216807455681e+00
9.898847100822394385e-01
1.204344250216728751e+00
1.003684312537253209e+00
1.103611775847114229e+00
1.103101207608051970e+00
9.918800460058146973e-01
8.365053045680781452e-01
9.755430363717284559e-01
9.890804778015013232e-01
9.515898892650467289e-01
9.083586389394533445e-01
9.266046178418165802e-01
9.700927067520510594e-01
1.058038746547048659e+00
9.239349048382006213e-01
8.925713081835735530e-01
1.092126520659913114e+00
1.086559562648080846e+00
1.046533758834303995e+00
1.158535941677279801e+00
1.189875522494184601e+00
1.096419945540214824e+00
1.102219897974501928e+00
1.043474385543341265e+00
1.004709606264545751e+00
1.001755342933640769e+00
1.006472598366965121e+00
9.074592025727189482e-01
9.448667821522486188e-01
9.053412024267964986e-01
9.788961910991446080e-01
8.701466253479108737e-01
8.688626686245928266e-01
8.281441997820611078e-01
9.782827653190695472e-01
1.079178429209458834e+00
1.020502910569887511e+00
1.191739926864261223e+00
1.224863514733690595e+00
1.066370287634889280e+00
1.025869564102237286e+00
1.086498024358943493e+00
9.727802197390493788e-01
1.038317552618044814e+00
1.214322312946853000e+00
1.175163991497665483e+00
1.184471851007793619e+00
1.220018870137074218e+00
1.083138848383379482e+00
9.564095340771737730e-01
9.945706766586199787e-01
1.063172659178411417e+00
1.017358461507918532e+00
9.313076600418145334e-01
9.668022440845676080e-01
9.244860037553855880e-01
1.060872169318770375e+00
1.023801108810079796e+00
1.084660322028511592e+00
1.039969779995882915e+00
1.046870060600206598e+00
9.152456389119735247e-01
8.516067319489286636e-01
1.041907234332108523e+00
1.183625405871835623e+00
1.134540775598324780e+00
1.172092737454844880e+00
1.213596677980230520e+00
1.066569258675757137e+00
1.102048589026229264e+00
1.004606387170236426e+00
1.127775537711676268e+00
1.119242950866365272e+00
1.146452995370241368e+00
1.143741740804377072e+00
1.076271220176000742e+00
1.130052822690729819e+00
1.186415207636114522e+00
1.330614717800783886e+00
1.153800965942224144e+00
1.105425035655736243e+00
1.149191135911076689e+00
1.087555986187223267e+00
9.390553107747794392e-01
1.130256454151327805e+00
1.219581108164020211e+00
1.104470516688186077e+00
1.043029278284486328e+00
1.073154152248670945e+00
1.131107094131657886e+00
9.348108502599984382e-01
9.858121219200134400e-01
1.101392096668380116e+00
9.851260446362136713e-01
1.055325245960958114e+00
1.060561837820084508e+00
1.081317266940074351e+00
1.127575159539081051e+00
1.138857125771292722e+00
1.131893145148771707e+00
9.425275848752449059e-01
8.881726549960103911e-01
9.159335020771173230e-01
7.959006333949545375e-01
8.374679579659396467e-01
8.682010340412582572e-01
8.480186742278061907e-01
7.364268303786322134e-01
7.353621566225020389e-01
8.593023062786213639e-01
8.187861247323117153e-01
7.605416969743419298e-01
8.527979037880398794e-01
8.772388647708148079e-01
8.573759991920875123e-01
9.182724691990143961e-01
9.632627210192495903e-01
9.240675646141662813e-01
1.012878315290802744e+00
9.301007172151752878e-01
9.784612847640404842e-01
9.240101738816023369e-01
9.490370344764716970e-01
9.561410880346439267e-01
9.755719950442012234e-01
8.825663900065546796e-01
9.119048086955403587e-01
8.695094709934427790e-01
8.375420788378704628e-01
8.927725927320889765e-01
7.911366058186434236e-01
7.859287632058239437e-01
8.883890777551187723e-01
8.275126205633347443e-01
7.522079844152952388e-01
9.158285033971370614e-01
9.290091914438558529e-01
9.400374179197437119e-01
8.691220968980434280e-01
8.968067190479651618e-01
9.002280510318314555e-01
8.491298730807760320e-01
7.976650441318201556e-01
8.986325693048450303e-01
1.004468077278337423e+00
1.015240519079373627e+00
1.243517528531779659e+00
1.110480582196923249e+00
1.171045696581271445e+00
1.232760210921244992e+00
1.100726249008559865e+00
1.217026969810966808e+00
1.190714980663467593e+00
1.145865439241459116e+00
9.688574446236662974e-01
9.984193772342686568e-01
9.675938439986512263e-01
1.119056468276826921e+00
1.099644031672120326e+00
1.107502930394714147e+00
1.194807999786367869e+00
1.334650106516362289e+00
1.295707893973993441e+00
1.180404784535992180e+00
1.020189489543005479e+00
8.067676288342325863e-01
8.156459303234400160e-01
8.543420112790758303e-01
7.940063890185539153e-01
9.076087085442943181e-01
7.005042850553276912e-01
7.503701659520584100e-01
7.723464246713028780e-01
7.276383708813867202e-01
8.129929916987556071e-01
7.019208268078303004e-01
7.503688345310146612e-01
7.581893425238496187e-01
6.773880737062447643e-01
7.378588850310663361e-01
7.956963601518752816e-01
7.042827807987851463e-01
nan
1.675855933895833705e-01
7.988776466684085475e-01
4.586776597835119373e-01
3.840500332503415937e-02
6.455751514776518762e-01
6.588679526903762351e-01
7.038105244067917043e-01
8.348429616022837729e-01
7.828120039386111673e-01
7.919703348771396367e-01
7.967837412803643327e-01
7.188411179544388352e-01
8.354017123086350249e-01
8.526306794622832141e-01
7.222549229778374436e-01
8.165289772095447596e-01
7.457049783415474753e-01
7.668931928627162886e-01
7.161508449056354086e-01
7.212283052718491128e-01
7.493849336301767750e-01
7.258321971071135525e-01
6.430743041690045736e-01
6.349217611347115486e-01
7.184451276257317609e-01
8.682569741945425079e-01
7.575950011218415270e-01
7.371604615276482475e-01
7.328918661208217999e-01
7.618188957340198408e-01
7.428525354453079377e-01
8.074941235586368116e-01
8.164792499487868449e-01
8.016683921466193352e-01
8.499365879700584436e-01
7.892246529218139850e-01
9.875650874726652484e-01
9.346403531101614703e-01
9.237386279711090609e-01
9.759773027321769767e-01
1.050405916238986492e+00
1.205888171778481066e+00
8.652654174919696128e-01
9.902167858175582316e-01
1.043512500845382052e+00
1.014595595974745468e+00
1.084279085706495005e+00
1.070488717342557239e+00
6.685964190900327564e-01
5.318491673438394685e-01
2.240123858043696348e-01
8.500231630365299162e-01
1.093340087712932673e+00
1.068989843154689146e+00
1.038444424635583951e+00
1.162364193266879120e+00
1.180776536499505314e+00
1.205093742839330462e+00
1.143804308978743078e+00
1.050171037322089163e+00
1.196319585364289395e+00
1.200626176764973296e+00
1.134308886412617401e+00
9.869461091911029271e-01
1.131334823170374593e+00
1.120270060353866226e+00
1.191658048019600402e+00
9.884461377977630248e-01
1.043284343331359665e+00
1.151298006811204644e+00
1.259651676172095058e+00
1.113000021888425062e+00
1.181528225036801327e+00
1.057434194835696228e+00
1.072795287659273011e+00
1.117055636391271811e+00
1.098594425121124818e+00
1.116427865505385197e+00
1.268424099589928300e+00
1.069554422532571714e+00
1.182704625029883383e+00
1.253596098323582320e+00
1.237927883307489596e+00
1.214084152883203149e+00
1.185281954960389683e+00
1.015907575583114397e+00
1.092646241386595385e+00
1.027768199772947755e+00
9.762557208044725376e-01
1.050673007103028578e+00
1.193787393300538291e+00
1.097317714070719985e+00
1.164212089988454712e+00
1.172249896475066278e+00
1.066902388749301878e+00
1.200657869183485271e+00
1.168637971788732299e+00
1.179476133662350046e+00
1.115183206021809426e+00
9.361829555783095502e-01
9.590020741013064454e-01
9.322632558583190399e-01
9.761852422647799843e-01
1.173301747618758384e+00
1.135016164511404746e+00
1.269303826858599660e+00
1.119454988520073302e+00
1.049707902025346140e+00
1.109136868650405949e+00
1.012080480823047246e+00
1.049638167447654480e+00
1.280671194546680880e+00
1.167948907518049140e+00
1.077733434004685131e+00
9.962444563499583960e-01
8.641001280808803253e-01
9.210992993788588157e-01
1.062415535199648042e+00
9.445102668485223507e-01
9.892471541780114563e-01
9.912696071779121265e-01
1.000412039302559730e+00
1.084620380847628462e+00
1.150273247968068624e+00
1.002228744049299181e+00
1.011143573363150638e+00
1.083257618946957823e+00
1.056609123881231849e+00
1.099433863631957164e+00
1.040939647424592440e+00
1.186762925286829695e+00
1.187211878347067096e+00
1.115280459325205475e+00
1.101481117703631440e+00
1.237613307793517414e+00
1.149266536681361472e+00
1.179381091369307910e+00
1.217144470913350096e+00
1.073178796567580973e+00
1.100598849884591779e+00
1.029190647209748288e+00
1.031060649973560617e+00
1.107446257945855050e+00
1.088680311066647644e+00
1.036039631792344373e+00
1.085926427511443082e+00
9.525507080663403459e-01
9.645561091523783270e-01
9.778747013116239062e-01
8.522245519056970142e-01
8.029510687079510767e-01
8.925416043290994583e-01
7.853451549482569627e-01
8.086318848177123098e-01
8.892298300109970910e-01
1.058637649898588551e+00
9.895230251164736091e-01
1.049117441107167981e+00
1.099056919152606060e+00
1.141302106835584418e+00
1.058524348622835065e+00
1.083853889779534674e+00
1.135041431558329705e+00
1.145119128664616071e+00
9.895181366741933049e-01
9.574407761913272807e-01
9.463646049584687470e-01
7.236905137522844367e-01
2.654975372315735993e-01
3.278671194494253704e-01
1.641562689843761580e-01
5.751046119975304627e-02
7.474193123276695605e-01
7.491328887673814885e-01
5.759699406327567495e-01
4.481955516439074749e+00
nan
nan
nan
nan
nan
nan
nan
nan
nan
nan
nan
nan
nan
nan
nan
nan
nan
nan
nan
nan
nan
nan
nan
nan
nan
nan
nan
nan
nan
nan
nan
nan
nan
nan
nan
nan
nan
nan
nan
nan
nan
nan
nan
nan
nan
nan
nan
nan
nan
nan
nan
nan
nan
nan
nan
nan
nan
nan
nan
nan
nan
nan
nan
nan
nan
nan
nan
nan
nan
nan
nan
nan
nan
nan
nan
nan
nan
nan
nan
nan
nan
nan
nan
nan
nan
nan
nan
nan
nan
nan
nan
nan
nan
nan
nan
nan
nan
nan
nan
nan
nan
nan
nan
nan
nan
nan
nan
nan
nan
nan
nan
nan
nan
nan
nan
nan
nan
nan
nan
nan
nan
nan
nan
nan
nan
nan
nan
nan
nan
nan
nan
nan
nan
nan
nan
nan
nan
nan
nan
nan
nan
nan
nan
nan
nan
nan
nan
nan
nan
nan
nan
nan
nan
nan
nan
nan
nan
nan
nan
nan
nan
nan
nan
nan
nan
nan
nan
nan
nan
nan
nan
nan
nan
nan
nan
nan
nan
nan
nan
nan
nan
nan
nan
nan
nan
nan
nan
nan
nan
nan
nan
nan
nan
nan
nan
nan
nan
nan
nan
nan
nan
nan
nan
nan
nan
nan
nan
nan
nan
nan
5.130614983413729346e-01
6.804633568081263073e-01
3.160073364344464508e-01
2.929412470655535228e-01
1.503866344887062612e-01
nan
5.316235137528646515e-01
3.276824436435500920e-01
7.884146970471710147e-02
3.191813639442729889e-01
1.722980184397723824e-01
1.398283179316494630e-02
2.211903426282087748e-01
3.820731039624671727e-02
4.467233933826526004e-01
9.732135280616545092e-01
1.512105956977634509e-02
7.050583219848878709e-03
6.728490714240009662e-02
7.684399951444392807e-02
6.658363332045492688e-01
3.777286666875144805e-01
1.595391887977488099e-01
1.189229925860833204e+00
1.977242985313108647e+03
2.592917362891690392e+00
1.241919333441692030e+00
1.366914685823988673e+00
6.102373877324651641e-01
1.208603199142556761e+00
1.131297090971205010e+00
1.050866500148402993e+00
9.089747358666179222e-01
3.053144145004756393e-01
8.616753411209841784e-02
8.302866397868122195e-02
3.843053830656633502e-02
1.475725602538692678e-02
8.988871458052116736e-02
3.760333980161160161e-01
9.964046710682553654e-01
9.574028698829021300e-01
1.108528835003204982e+00
9.061261431405868150e-01
9.232867388873808867e-01
1.091877500359415665e+00
1.163477291175706974e+00
9.720346594489061021e-01
1.094437947962060731e+00
1.958128481983372193e-01
4.678062973457008944e-02
5.284150298561638565e-03
8.159925660753248877e-01
6.112779001712335125e-01
1.782666371065645960e-01
3.140653585049872354e-01
1.456414745675947420e-01
2.297056250677739220e-01
1.963548628714794908e-01
nan
3.777073330026239906e-01
1.693609860386659782e-01
2.598453467339642553e-02
4.903294792619667941e-01
6.355021179469263481e-01
7.400376413152287558e-01
8.249389646737255166e-01
1.159851207064530820e+00
6.608759428396688840e-01
1.673417756089264352e-01
8.608568718532860764e-02
6.166474156640744386e-01
5.700570166758912594e-01
7.575387683694215779e-01
1.175728076351194140e+00
1.150081350282721848e+00
1.231727486869181432e+00
1.227027038718637941e+00
1.160757389502541148e+00
1.123524990608937291e+00
1.142936229120661507e+00
1.119687898569992290e+00
1.121456670057896954e+00
1.144553494466267196e+00
1.143346615296559454e+00
1.153425264132145411e+00
1.177033857684717022e+00
1.166158156749625752e+00
1.203073739290135391e+00
1.169828034532732097e+00
1.111611462625609059e+00
1.080645636648723373e+00
1.122109309575727076e+00
1.143810221522416404e+00
1.064525805617192455e+00
1.069806914012511045e+00
1.039152813396042596e+00
8.107326990909301534e-01
9.686647096384501943e-01
9.145491731176789152e-01
8.802799964823047052e-01
9.607639365506961404e-01
8.895091715886627171e-01
1.026591313497956737e+00
9.385710753727801725e-01
9.595726637886139443e-01
1.022350433460589292e+00
1.149168433176568804e+00
1.058799330504905267e+00
1.088036119858110551e+00
1.148742829672324106e+00
1.134517914085041657e+00
1.103034056567363974e+00
1.220882327627632824e+00
1.116102603851026664e+00
1.104865401736929043e+00
1.192190187178880256e+00
1.114952619031939873e+00
1.110103711797168824e+00
1.049561772915230229e+00
1.159157470342163432e+00
1.090677663415565712e+00
1.172000920839113114e+00
1.145262082104794299e+00
1.078331991512304855e+00
1.022773849056824558e+00
1.050275449549983531e+00
1.055740215976109786e+00
1.182512714079254845e+00
1.170918875323412545e+00
1.119246296483454861e+00
1.054613489837252782e+00
1.128086297017548478e+00
1.155369884731159758e+00
1.174309618289561374e+00
1.130551722608135412e+00
1.135632701561460900e+00
1.062301791974360921e+00
1.140360191188293904e+00
1.119999269865953551e+00
1.110234656215718152e+00
1.160271278314672694e+00
1.180156746288075764e+00
9.863721809154787357e-01
1.177330586679379731e+00
1.162189789807182683e+00
1.125051921227411045e+00
1.065609266477551609e+00
1.087553686611315351e+00
1.141885904506061200e+00
1.141472379077567156e+00
1.036060569166799672e+00
1.166540141085183002e+00
1.009760544222179979e+00
1.068452935506195578e+00
1.051596661983907888e+00
1.022866884699938028e+00
1.051983238316684499e+00
8.983221980637602355e-01
9.377843257381929254e-01
8.941600380216181421e-01
9.259695091647011100e-01
9.885764181183563926e-01
8.891104963266306394e-01
1.076735283212910677e+00
1.134927510248251448e+00
1.047325569670773726e+00
1.007202994661388074e+00
8.007834697568022575e-01
8.336827280863080558e-01
8.529588481220931051e-01
9.403808946001942504e-01
1.082315794302785239e+00
1.075642164983054538e+00
1.146316506526316559e+00
1.146854562522220400e+00
1.235265443669112617e+00
1.209566188955324639e+00
1.215400747759225686e+00
1.177040917204645210e+00
1.323681367384039742e+00
1.307150017411306653e+00
1.277938607759368850e+00
1.170822765744314653e+00
1.166126545251743751e+00
1.166320748607654334e+00
1.204338928848857071e+00
1.220740252381645741e+00
1.178515102904351242e+00
7.964929896002941323e-01
7.448916214083448617e-01
9.041876128150958536e-01
1.223882926099404189e+00
1.062017355334701207e+00
1.114115286784370440e+00
1.064426133087459814e+00
1.103551586739301982e+00
1.030576751455774431e+00
1.083476088903162271e+00
1.028868251895797448e+00
1.189945692314755554e+00
1.222861730914997391e+00
1.020450223594943973e+00
1.003768937998317679e+00
9.897651524242293553e-01
9.284752694058746592e-01
9.857889484868523899e-01
1.056510476968944401e+00
9.967926324735497667e-01
8.950780892196186223e-01
8.931911778611895114e-01
7.876600724371698448e-01
8.055570060476422434e-01
8.613959102437159787e-01
7.994891841066865679e-01
7.037126560972317701e-01
7.878599147487976850e-01
7.705187766046317499e-01
7.676649123959992105e-01
8.763472070276409065e-01
9.374943826181052486e-01
9.282853846609320225e-01
1.008415199439449239e+00
1.023462777490564246e+00
9.265359095719015725e-01
9.162551386199325743e-01
9.702482570801266304e-01
9.946490809963295376e-01
1.047854281805290277e+00
1.062038897796093950e+00
1.075392662850148895e+00
1.245166704491510457e+00
1.148800394640329126e+00
1.245269181818378312e+00
1.091181041716361655e+00
1.072093343825867517e+00
1.046282886493527631e+00
8.989243955904649974e-01
9.895538302020966404e-01
9.895276013532670056e-01
8.484284081611266348e-01
8.635243070536569032e-01
9.317817910288184180e-01
1.166182455370293747e+00
1.092932887252980434e+00
1.133550901935332478e+00
1.053392788862602902e+00
1.110071806451414567e+00
1.082881174558714577e+00
1.167611625010189336e+00
1.187888520518980640e+00
1.316202126161744035e+00
1.249155236555369752e+00
1.103758320002242943e+00
1.079853492857205666e+00
1.087457796648198194e+00
1.106684663732966811e+00
1.161159766313984099e+00
1.060827784439541954e+00
1.154002258049468654e+00
1.125431744992128724e+00
1.088922215622687206e+00
1.068359590339691190e+00
1.071701405991706491e+00
1.138287271443126469e+00
1.263066232326067073e+00
1.131563078025647595e+00
9.868139050677066093e-01
1.063331039937538192e+00
1.074063565738582415e+00
1.104798271723295144e+00
1.157829942701065873e+00
1.093349464972214635e+00
1.193804690846227645e+00
9.067205862394553950e-01
9.797251882270526790e-01
1.075738430276249380e+00
9.914180881453473759e-01
9.679791681309264373e-01
9.223591846399573635e-01
1.048963236756731421e+00
1.016382463201106257e+00
9.571451197661992039e-01
9.482875904124645761e-01
9.214544956217638472e-01
9.462588686200334998e-01
8.599601264827778646e-01
1.054824636477025956e+00
1.046492009938828849e+00
1.182842961360247358e+00
1.147799559730863006e+00
1.016412342901872989e+00
1.156563973889531693e+00
1.052972688419135050e+00
1.064450064915634098e+00
9.788331998856093508e-01
1.035431385967767071e+00
9.998582578060992709e-01
1.173826662844870583e+00
1.110781274413021880e+00
1.015868473074305722e+00
1.175713590466216818e+00
1.135782536783909613e+00
1.005038545483955659e+00
9.604764658396242050e-01
9.810162974143201708e-01
1.152572010169883088e+00
1.162910224404319015e+00
1.302188770477090252e+00
1.179050237697423231e+00
1.007457817074081108e+00
1.124431879674337775e+00
1.173383539213056714e+00
1.202469422794057774e+00
1.180611251375728310e+00
1.189513648164043369e+00
1.099067127862159099e+00
9.351556921042469828e-01
9.404430279775821688e-01
9.327824672246267657e-01
9.536672776216011949e-01
8.870671560509727493e-01
1.232103134164816760e+00
1.128294756964283607e+00
1.263685900533220163e+00
1.136724106547829516e+00
1.279038359124692104e+00
1.215099498320247218e+00
1.120325481195076689e+00
1.077718364798018857e+00
1.092531727805987840e+00
1.092596302059803515e+00
1.146214174262559338e+00
1.140169076490850975e+00
9.436707253721878796e-01
1.047136999823491177e+00
1.058377327047510530e+00
8.887304264750406357e-01
9.374774203251291516e-01
9.584546871292514147e-01
9.241332845595225942e-01
8.947310745078037586e-01
9.634936875497934761e-01
1.032644676375735315e+00
9.643375976997532462e-01
9.329233064218855898e-01
9.310748309013707757e-01
9.855221259549601376e-01
9.322185373622953186e-01
8.986123590908785541e-01
9.545909182407282811e-01
8.966503960331280165e-01
9.480347524714253238e-01
1.017218414617047761e+00
1.034663377918157989e+00
1.026209849976394972e+00
9.530247461844727486e-01
9.178817497059664765e-01
9.173076672867939152e-01
1.056424564071188232e+00
1.158291373412325242e+00
1.090343652006382058e+00
1.088782010681446533e+00
8.923710961149814436e-01
1.058972511548026629e+00
1.167737083402322185e+00
1.123224821266316065e+00
1.163369663040704660e+00
1.079382660405051153e+00
9.583574887993631108e-01
9.211089410623016782e-01
9.398022800002679977e-01
1.079541273532826473e+00
1.198050058970118847e+00
1.146297503072944313e+00
1.062745934365058487e+00
1.074673165576265799e+00
1.110911623831671191e+00
1.014546714766688007e+00
1.186020365477822081e+00
1.203692760049576371e+00
9.743769236937358524e-01
1.065894263816553611e+00
1.097729585551895148e+00
1.205114529282320657e+00
1.281239412550466028e+00
1.247102846381967778e+00
1.090470739994880534e+00
1.220692282291733877e+00
1.273146659125107272e+00
1.243166443517158104e+00
1.080288380186406272e+00
1.127281931118875979e+00
1.009941052110605808e+00
1.064087526299072772e+00
1.077351602566004818e+00
1.192936306410146585e+00
1.093584715725063994e+00
1.211224383299647656e+00
1.084194760466871132e+00
1.193891760756073950e+00
1.175246631964823596e+00
1.183609644502820579e+00
1.113220899831856014e+00
1.091082938861914986e+00
1.176429975878903855e+00
1.167642016545529460e+00
1.288553136740822280e+00
1.095656832465359942e+00
1.187911415968095241e+00
1.191657576481619740e+00
1.170007542420766988e+00
1.186850593346814753e+00
1.292630843793049600e+00
1.162999363684230625e+00
1.049012133747823317e+00
1.102477534624612066e+00
1.015041612348736244e+00
9.804966850021177294e-01
1.108980828178452560e+00
1.130464354026014195e+00
1.106252860341793376e+00
1.120402674741024951e+00
1.078940848222498250e+00
1.028547520192944376e+00
1.018032919158328831e+00
1.073699078622541103e+00
9.996426761197714228e-01
1.057705260461109908e+00
9.970070679368600031e-01
1.059158105198364730e+00
9.877572053365218929e-01
8.463448550691151651e-01
7.560015909352464369e-01
8.160112621218351681e-01
8.111832405828892645e-01
9.092021263309805201e-01
8.831018074260481576e-01
1.046537464424673214e+00
9.917695261718330046e-01
1.024467884662982442e+00
9.770068220253294022e-01
1.015455416508523445e+00
9.768721633418597783e-01
9.732855409815092118e-01
9.118449468565024141e-01
8.626427440042298000e-01
8.551731594964493421e-01
7.685691419490242593e-01
8.259727468522173321e-01
7.536771244254245605e-01
7.766012808027932257e-01
7.085440387917626426e-01
7.808093135565126186e-01
9.782390228026408563e-01
8.180938686674086302e-01
7.400792856791993390e-01
7.096885910399910458e-01
7.795209050568161491e-01
6.577640740635691818e-01
7.303023712155589653e-01
7.227195346121562114e-01
6.677846178930207932e-01
6.399566795504240124e-01
7.141123810045850728e-01
6.701729013037130978e-01
6.850677757302163773e-01
6.644929024832244568e-01
7.294278508600333666e-01
6.655081457177630666e-01
6.664608367970468183e-01
7.166536135992475076e-01
4.588878058573377938e-01
7.611076640067435672e-01
7.036080572302231273e-01
6.660873786261076734e-01
6.950429106080711072e-01
6.677894872650175229e-01
6.620545375990170012e-01
7.089972740633248005e-01
7.590393929303531628e-01
6.586417818727995366e-01
6.989184255662208578e-01
7.913835774326249961e-01
6.434359378056551115e-01
6.922854620263083625e-01
7.927766618352670713e-01
7.465073227691949587e-01
6.913005888191103843e-01
7.579184084013722567e-01
7.802769051660252142e-01
7.626877165057968089e-01
7.628452709009161392e-01
7.417885089201892157e-01
7.261897245529042033e-01
7.247852268464268777e-01
8.100485146557109273e-01
8.140857008665047800e-01
7.662741309414777824e-01
1.027988105771134641e+00
1.179909117116177297e+00
1.003780193631180095e+00
9.381535666735328904e-01
9.297761666510115930e-01
1.081856114185298035e+00
1.151112261167792861e+00
1.028526155509212892e+00
9.859347445107229380e-01
9.153897888802962068e-01
8.773415679805226519e-01
8.853414984829194312e-01
7.704438621503315598e-01
7.510468836144191807e-01
7.665770747224059933e-01
7.622561127670047787e-01
7.835784613942834431e-01
7.556841061434984574e-01
7.396240354336593992e-01
7.245924208956819879e-01
7.586716425201996961e-01
7.352315454342049916e-01
7.115894434411665914e-01
8.857679123283300759e-01
7.587458152410984091e-01
7.680533354408776159e-01
6.835557024780352098e-01
7.479413983114118203e-01
7.099815382810855668e-01
7.506920813989277352e-01
6.923567976597365670e-01
7.037350751010176264e-01
7.346858477494774275e-01
7.688461493965612625e-01
7.075813779140931459e-01
7.702873973230696114e-01
7.292738484197839322e-01
7.813705245213140582e-01
6.733069836350976667e-01
7.155455671146383478e-01
7.020026057686258314e-01
6.665683070076388050e-01
8.014398927333210576e-01
5.812864522092267006e-01
7.197670066646999487e-01
8.079533148738463622e-01
8.740930887288754780e-01
9.834631658067368720e-01
8.943107373696584927e-01
8.856755414852134356e-01
8.629996400226701558e-01
7.597886606039701007e-01
7.130416541296855648e-01
9.382986009525722260e-01
9.331171684523588139e-01
9.296454390566583070e-01
9.394140361933085437e-01
1.037605493595556094e+00
9.018864479009112145e-01
9.023925264711121219e-01
1.008204164319083107e+00
1.147481551967348468e+00
1.025506372701679325e+00
1.115316986277222533e+00
9.574128505953199975e-01
1.036266879711716271e+00
1.070487225851661561e+00
1.067610335821461476e+00
1.103585619720390154e+00
9.348978661146808422e-01
9.669192456112999379e-01
9.309663849564862037e-01
9.141924108281471728e-01
8.972615124184234459e-01
9.914991420832516278e-01
1.100574719162764392e+00
1.015227927620994786e+00
1.054054688925678329e+00
1.179415373385654053e+00
1.270379726145976829e+00
1.273883963641872397e+00
1.204675114524414115e+00
1.175506461435781524e+00
1.146518910560438087e+00
1.140163185155604886e+00
1.162798795682505659e+00
1.128210466743958085e+00
1.060142270050177471e+00
9.015018905295366647e-01
1.127312257281801289e+00
1.222399228652871317e+00
1.145824189946843541e+00
1.022917975228242016e+00
1.139186979232707397e+00
1.190434702885302176e+00
1.209217220674674964e+00
1.092567096073664867e+00
1.041366639024170482e+00
1.064787810270152679e+00
1.044477615269835402e+00
1.014655162303836455e+00
1.196641353205101455e+00
1.095041258467035483e+00
1.137719569068261771e+00
1.167605475951440264e+00
1.142034291788700973e+00
1.022650849039157483e+00
1.141319146865253265e+00
1.213361481270488929e+00
1.177146474713321567e+00
1.129116926036376478e+00
1.148507470001451480e+00
1.204231313221344468e+00
1.194745092813435994e+00
1.080118886424618063e+00
1.139162630463904202e+00
1.066251200743060235e+00
1.052866384655027465e+00
1.078196051892812868e+00
1.139877847935235833e+00
1.265329344067892103e+00
1.161116976369931386e+00
1.098599867171074829e+00
1.116442108870939753e+00
1.077748733160320604e+00
1.077934159683627824e+00
1.130140822720728133e+00
1.188295207681276944e+00
1.201310535700365945e+00
1.128560321379036058e+00
1.135524528557903423e+00
1.087447137187500301e+00
1.233352711858921147e+00
1.178847397150194265e+00
1.137143727049025665e+00
3.578492792819469304e-01
1.831476086807721781e-01
5.447998580810600178e-01
1.293460836829282812e+00
5.382543943694376720e-01
1.476180675624222671e-01
6.814483804136217682e-01
1.202393918036599008e+00
1.254356790069595995e+00
1.301300911655564274e+00
1.342655543197671442e+00
1.163879881539581218e+00
1.271005174924010106e+00
1.217603538898057725e+00
9.915668231357165352e-01
1.054555021259095282e+00
1.017659672497079226e+00
1.158827487405642565e+00
6.842895063526052146e-01
1.079127454152020826e+00
1.081039163603734643e+00
1.176353906477543232e+00
1.131022514751126806e+00
1.073660124674098437e+00
1.101508608107237164e+00
1.122657446032978790e+00
1.027654075378295007e+00
9.909373078746402941e-01
1.010571543221949309e+00
9.660184470449972860e-01
9.651755750559433134e-01
9.584072751609160612e-01
1.004939146961028040e+00
1.119474829714546482e+00
9.959001039341612849e-01
9.907665265757558126e-01
1.104880649295132189e+00
1.087740543612942368e+00
1.131921251933141415e+00
1.174410141606744284e+00
1.227305201245046051e+00
9.855234421877798745e-01
9.084146535888321106e-01
8.400266644538096905e-01
9.398113023855185766e-01
1.071167120356081082e+00
1.200683901568611711e+00
1.061042080751505301e+00
1.052591430497080482e+00
1.053872094911946444e+00
9.892782380691247379e-01
9.614524324303167502e-01
8.751499452315781857e-01
9.236573942029711048e-01
1.111241099433627921e+00
1.108721469962146378e+00
1.128882269469845712e+00
1.114200158254415651e+00
1.170786012301147538e+00
1.271275121557163157e+00
1.132765972716702985e+00
1.165646626010091280e+00
1.123348227125841925e+00
1.211055016728012523e+00
1.194360999818081082e+00
1.180536753162485075e+00
1.183866358821029197e+00
1.176106464383662065e+00
1.077462008872446919e+00
1.220115193810253462e+00
1.224278740799713328e+00
1.175644657890347666e+00
1.255251602566803903e+00
1.150404026973397942e+00
1.014231732369029082e+00
1.124160943802854140e+00
1.066503279160230466e+00
9.618964895157257056e-01
9.943051827542550569e-01
9.509288742853715393e-01
9.700718005168830205e-01
1.017103373581696557e+00
9.697222785230484865e-01
9.243330708133508100e-01
1.030946561724596755e+00
1.156647736168798568e+00
1.104268052886342000e+00
1.100083978818261476e+00
1.052193494773435711e+00
1.011026604036028731e+00
9.416384981261207709e-01
8.096822590357199978e-01
9.354894659006728341e-01
7.797480582187590326e-01
8.482321537162859082e-01
7.734235486365843570e-01
7.507733695343752345e-01
8.285138929584920930e-01
9.932551102231008677e-01
9.878012805636247062e-01
7.610370268885503497e-01
8.052349746671237929e-01
7.159690619198034733e-01
7.356765797297777354e-01
7.387908492188073328e-01
7.835211281124229155e-01
8.189722550924215527e-01
7.531542823730373870e-01
8.758445955008350436e-01
8.376543501594934105e-01
8.551732608112594392e-01
9.271312506956336241e-01
9.211402016044880625e-01
9.401596196714644416e-01
8.557359494591194604e-01
8.694009173880655750e-01
9.794877389591086780e-01
9.082144633571179737e-01
9.904984801619881596e-01
8.983509449807666192e-01
8.546477555481626354e-01
8.059358627741526337e-01
8.042083075351208477e-01
8.654089448043654764e-01
8.966747337872031931e-01
1.025847364327921785e+00
9.953184503698110364e-01
9.553613623049113102e-01
8.656696216985304559e-01
8.972512838986874684e-01
8.974248745552805273e-01
9.231134601213942803e-01
8.708421649316017144e-01
9.545762481396540267e-01
9.932829385689699864e-01
1.024355260615655627e+00
1.028677242855750240e+00
1.058594926898137611e+00
9.529094213075001152e-01
1.031513152786036835e+00
9.716555458541763501e-01
9.158128296073321239e-01
1.084403902622296689e+00
1.151824041717146807e+00
1.100790680188029391e+00
1.116929177286737573e+00
1.090318701167398929e+00
1.063505403556850082e+00
8.262873069308916962e-01
1.025837757310473997e+00
1.143696208181881113e+00
1.012044461058787315e+00
1.027801494572334828e+00
1.105477660316768196e+00
1.039814240652801480e+00
8.872523547024168122e-01
1.038617290774935142e+00
1.108631652388816891e+00
1.119770922087120590e+00
1.199291210535637475e+00
1.236408986742873140e+00
1.270178691364160173e+00
1.142301127708138075e+00
1.066211845580775863e+00
1.040976618485105476e+00
1.015742112737170633e+00
9.689675057545545922e-01
8.246427044843699372e-01
1.118234990583963473e+00
1.065774350876972587e+00
1.065299271774389878e+00
9.051725789532638622e-01
1.018217519542002680e+00
1.083522890741159150e+00
1.077250619405737631e+00
1.017316707738021409e+00
8.593963543230365154e-01
1.015736654476911749e+00
4.673321826803433221e-01
1.205597350281339075e+00
1.132970721850380169e+00
9.560137907717390915e-01
4.249534313550269449e-01
9.986802155127109115e-01
1.242557695056188072e+00
1.228399948581047507e+00
1.173349631395997683e+00
1.162027633153898343e+00
1.072139597277726342e+00
1.134908848512080182e+00
1.141533522310997695e+00
1.098517539302002133e+00
8.560170653611871572e-01
8.013857234877330704e-01
8.576827614280694290e-01
8.741054730961865804e-01
1.014963917168776764e+00
1.099253403201997381e+00
9.097128437720348737e-01
9.936143933781245163e-01
1.128377378435212242e+00
1.093635116505535354e+00
1.161827845301917517e+00
1.140914721560744693e+00
1.174450925805474055e+00
1.128580433125659477e+00
1.175106006367924394e+00
1.137646642865597579e+00
1.068048201758309057e+00
1.121143426945316213e+00
1.164121919165121977e+00
1.181760890782715512e+00
9.811960453906094504e-01
9.070011200205120305e-01
8.809478312786239718e-01
9.005588787815561602e-01
9.480327093087631551e-01
1.014903777072975188e+00
9.193743554061604151e-01
8.852271616294846712e-01
9.948235237710802981e-01
8.703235176723062017e-01
7.401766465411077078e-01
8.928264305646816945e-01
9.557853639551741054e-01
8.392882353983149857e-01
7.814154341932331160e-01
9.526206563456703913e-01
5.249581637135465328e-01
1.006452164384020742e+00
1.050559330074405828e+00
9.985891431469391399e-01
1.015135965411392061e+00
1.131720053616096733e+00
1.079780855472601164e+00
1.100270328793025110e+00
1.093081128752220632e+00
1.253959571046652677e+00
1.152291462725744342e+00
1.057747029522781768e+00
1.074524431062760410e+00
9.394441683316875347e-01
1.110257064160553142e+00
1.213465173212728176e+00
1.121814040906685683e+00
1.037378921719984248e+00
9.569644930574809916e-01
9.978068046402337465e-01
9.921253419644175953e-01
1.046086276884824473e+00
1.021967335080155026e+00
1.062986495370852547e+00
1.098730407002842080e+00
9.852660493109687279e-01
1.143124228022530886e+00
1.145170065352856925e+00
1.128001473819699285e+00
1.107852492322991766e+00
1.102291963342913794e+00
1.075560389113223048e+00
1.050575352880550595e+00
9.985719795112854014e-01
9.719075259859626392e-01
8.659868520867284314e-01
9.568794411733305694e-01
9.508412695906497403e-01
9.266236709690862661e-01
1.002552956654306326e+00
1.025921740719186070e+00
9.433519070224193337e-01
1.055279416188521724e+00
1.140170401230410357e+00
1.050011105513383169e+00
1.057346381280307890e+00
1.015943620976344830e+00
1.086187098312270338e+00
1.117333315099203084e+00
1.087925067970514803e+00
1.164143194741601439e+00
1.114999535116837137e+00
1.005278691975697747e+00
1.006804667045495760e+00
1.021879668343904868e+00
1.110749809148900757e+00
1.126185540424186504e+00
1.226799956897406396e+00
1.119417543820484751e+00
1.191417673747229289e+00
1.145682537207736829e+00
1.146713834836163848e+00
1.221524930641758599e+00
1.220777951356408764e+00
1.250848561389391600e+00
8.574240279923895924e-01
1.105140831146910418e+00
1.160106123293684677e+00
1.130220703688361583e+00
1.178331329972044150e+00
1.130590225319715758e+00
1.025783561048982717e+00
1.065156823712953171e+00
1.155721137601561699e+00
1.211514797534866794e+00
1.232095678498043245e+00
1.089843097152726870e+00
1.189154181116715225e+00
1.092266495052593323e+00
1.135938217421649465e+00
1.115453064150193629e+00
1.005448298590772893e+00
1.070502027636348163e+00
1.030198500814274665e+00
9.219384144198574660e-01
8.592884875837054626e-01
8.625823577208630022e-01
8.818847996627710017e-01
8.556571006274671376e-01
8.352596615696726845e-01
8.592955661462424732e-01
7.822084307643880630e-01
8.522467242432474333e-01
9.247881658906510483e-01
8.400396822458168211e-01
8.094351280149724159e-01
7.921008233139785748e-01
8.406381479169987569e-01
7.815032871363297717e-01
7.217517019701106262e-01
7.874547554754712797e-01
6.623451748557470653e-01
7.643505774500074512e-01
7.016542338087206065e-01
7.159959849696301282e-01
7.243271481310304960e-01
6.716517517375169000e-01
7.735291977775013983e-01
7.860323172641994205e-01
7.701647607932802231e-01
7.338164849776948051e-01
8.011447316864392931e-01
8.242171362168476678e-01
8.383190745505351149e-01
8.709979801247730302e-01
8.438088053557177837e-01
8.783509461220683212e-01
7.968076785156978925e-01
7.790779479282575748e-01
8.315517709364428356e-01
9.408154050689189196e-01
9.296392874594312516e-01
8.754080220638414955e-01
8.548998113936076004e-01
8.497912014959634330e-01
8.759634250900854013e-01
8.898031734043539975e-01
9.219739028354607679e-01
9.171595518008029968e-01
1.008135792884083948e+00
1.056770768672424587e+00
9.616252902387893986e-01
9.674518317116460597e-01
1.050346502908475310e+00
1.101475856735613323e+00
9.048333758137345750e-01
9.380471230401189464e-01
7.815962787874405349e-01
7.654461997978256882e-01
8.940733777234957103e-01
8.567415237229738523e-01
8.685588544656803744e-01
9.381792403363348187e-01
8.856476065918199581e-01
6.581248245466907454e-01
6.652386022496268314e-01
7.776974131231302323e-01
1.179368216139741632e+00
1.018842932513391863e+00
1.065411769394883024e+00
9.604384502276660518e-01
9.649784858878270866e-01
9.820870898564502127e-01
9.167862077175523705e-01
1.030215233583755774e+00
1.035260725152133077e+00
9.927956132047968119e-01
1.184156621399548248e+00
1.144932362327236275e+00
9.604876022710016059e-01
9.659091200993202841e-01
1.120998373447064322e+00
1.090436451015042829e+00
1.126095428838900903e+00
1.125823216959670692e+00
1.171791777450760019e+00
1.041141973981613011e+00
9.609477534114968522e-01
1.010497754193669495e+00
9.827406809283950606e-01
1.047212161029061894e+00
1.098893538019860783e+00
1.057083805464992032e+00
9.964361937808523528e-01
1.174744686573053087e+00
1.006683060145724617e+00
1.017130707940917977e+00
9.891528985972818377e-01
1.023806803702991708e+00
1.156763863679277859e+00
1.116823757106799597e+00
1.152526910845681707e+00
1.036508150605751188e+00
1.099989060595190971e+00
1.004894247155437847e+00
8.971410383158823221e-01
9.900706826142360306e-01
1.007567689982525216e+00
1.105597170471227297e+00
9.304689158791231707e-01
9.058807467242077083e-01
7.936850567141094936e-01
7.772094590717870677e-01
8.136643538973480361e-01
7.307756599029057165e-01
7.365936343316850099e-01
7.161396407117076590e-01
8.041636324952736725e-01
1.024997084616889875e+00
8.900499964233286043e-01
3.511291263015257208e-02
9.251299717706624737e-01
1.376597261779792525e-01
5.469895041305204986e-01
1.181488463392817989e+00
3.842568591837917102e-01
