4.087573393776285785e-02
3.868984968834410926e-02
5.807701816714686688e-02
nan
nan
1.540506012428203841e-01
7.085392366869006087e-02
5.758594088856135995e-01
8.445112369911557115e-01
8.071027889919659692e-01
7.857460321149952742e-01
8.548643833262394853e-01
8.023196624718873515e-01
9.146076677108421205e-01
8.385746988207577468e-01
8.622635949621171303e-01
7.388574109711295579e-01
1.062349976424325604e+00
9.185750193608532843e-01
9.394390755391669456e-01
7.991819309354906142e-01
1.002069672903221020e+00
8.332576826836277650e-01
9.306770389825640422e-01
8.358059693364507936e-01
9.464774399085391643e-01
5.389005254181650217e-01
8.441885102701681687e-01
8.347224089140438119e-01
8.977333024345234280e-01
7.907347428614913687e-01
8.776713672125596721e-01
8.662259166487470408e-01
8.852955422890578241e-01
8.493964031455549790e-01
1.009747233949163325e+00
1.011278164268419877e+00
1.049404137246797486e+00
5.546001644576993295e-01
1.210821027643830122e-01
1.045474596439550430e+00
9.380467115925708033e-01
9.903266877207494989e-01
8.849445195571487011e-01
9.587084878684715150e-01
8.574925505857757813e-01
9.474983530289641243e-01
8.728460007732171677e-01
9.207935368192534664e-01
9.068934274237085980e-01
9.259544984319894034e-01
8.802287807509843187e-01
9.071827142627715279e-01
9.418995981001426765e-01
9.804963366752719178e-01
9.563350587168660821e-01
1.005390738726287481e+00
9.643074623363059317e-01
9.616912969273265777e-01
1.099394157948880402e+00
1.013803782243674512e+00
1.024812076510469572e+00
1.043585473223059834e+00
9.570070270046138194e-01
1.123748244536806329e+00
9.754539872288295888e-01
1.009211814203781366e+00
1.124441984038464071e+00
1.146751864510689112e+00
1.068593133505090442e+00
9.707002402767568316e-01
1.016750224399493918e+00
9.387555440085992853e-01
1.031129796252627129e+00
9.505901432231483872e-01
9.307740767893247780e-01
9.801091749553548782e-01
9.795840756132303540e-01
1.019749655193173510e+00
1.071493138521223631e+00
1.098519061132163577e+00
1.133428303532336034e+00
1.103401612779180363e+00
1.052596438458615724e+00
1.057213131703603537e+00
1.105926002909764172e+00
1.140848635813823897e+00
1.152040697955390991e+00
1.106944202216627371e+00
1.152773129927033624e+00
1.125149873588849658e+00
1.147270809021690541e+00
1.116199080156450085e+00
1.095784936167290224e+00
1.041998656127004264e+00
1.057002229471603050e+00
1.096352136847924319e+00
1.107847863404786137e+00
1.104112829683508989e+00
1.102750985580472021e+00
1.134152051590922694e+00
1.112371727911565022e+00
1.077763099938278124e+00
1.102095280445687164e+00
1.126012659872212662e+00
1.165914964421288280e+00
1.049665921477318298e+00
9.238041241266800041e-01
1.004407430417499469e+00
1.088730198294854068e+00
1.144365376287526548e+00
1.122338468832371872e+00
1.091471777341694427e+00
1.091442209866231972e+00
1.087551093321117213e+00
9.871820963188980835e-01
1.010095244224349376e+00
1.090502457051067076e+00
1.077145838947759504e+00
1.139627553836260354e+00
1.124230448957687756e+00
1.127715363188896536e+00
1.159875497731455596e+00
1.141697695694738890e+00
1.106513992881126729e+00
1.114320224782774149e+00
1.077536447260854624e+00
1.053932329705430604e+00
1.019986705040318853e+00
7.546813147808114630e-01
9.426089912470760057e-02
4.014844878463505462e-01
1.556799986330636432e-01
8.103143608602919601e-02
3.146129249915354670e-02
7.877225397316837269e-03
1.051586196538280976e-02
3.883384339308267319e-01
1.022993457112614690e+00
1.105270818165850599e+00
1.106343376848194726e+00
1.083601700600114848e+00
1.057813818636337055e+00
1.091149550010687808e+00
1.067077816656325284e+00
9.253093973015689144e-01
1.033616995780656689e+00
9.686759397289250728e-01
1.080396800023317505e+00
1.038403842055260817e+00
1.152134524519534464e+00
1.102175209476188522e+00
1.067473684034644599e+00
1.086861255067126830e+00
1.135556020163564606e+00
1.111947108702758369e+00
1.116961423116219487e+00
1.150708929353159826e+00
1.095892520405501669e+00
1.097540558762045038e+00
1.127987224269236810e+00
1.078913934247711426e+00
1.146541780420006429e+00
1.009991570951649154e+00
1.024433906383136028e+00
1.075789255184621984e+00
1.107688856186535009e+00
1.111557486409439077e+00
1.421642471868737490e+00
2.006252554102331942e+00
1.101066843804614503e+00
4.384725443680988488e-01
9.793505492715337546e-01
1.077152064616514693e+00
1.080113056776497826e+00
1.101454682224410453e+00
1.002397377424744107e+00
1.113104855803870974e+00
1.083850834016403697e+00
1.055034055984178210e+00
9.778636805249385500e-01
9.866680077598358745e-01
1.096132085743490192e+00
1.086295628304460248e+00
1.005156375785845935e+00
1.037107420203432273e+00
9.995299756229767407e-01
1.011976508185584933e+00
1.012810126296993296e+00
9.745189773170164216e-01
1.064162558008607373e+00
1.090492935213260184e+00
1.116299714586788339e+00
1.066681890221321982e+00
1.146866261052588154e+00
1.160840531911643936e+00
1.101720136174247910e+00
1.102014412265001964e+00
1.128340390478848043e+00
1.126306715349733700e+00
1.153835141269769382e+00
1.102648955125806074e+00
1.130413607639332518e+00
1.030586558257555074e+00
1.151542107867249198e+00
1.044300995727678760e+00
1.082879159548116643e+00
1.005534170249595682e+00
1.059657892567548387e+00
1.106916917547611900e+00
1.119049571114934416e+00
1.021608445726060577e+00
1.064144554346536653e+00
1.062570279597926826e+00
1.106739588329487933e+00
1.165580059708321015e+00
1.142592507445782557e+00
9.403125365637290400e-01
1.016662434020098038e+00
1.023644477633427696e+00
1.079952653886868674e+00
1.092741886233871140e+00
1.046370725018134218e+00
1.040758649039028816e+00
1.169842939756602807e+00
1.013388286172319575e+00
1.045916551518958792e+00
1.041475761804297351e+00
1.004169363467805498e+00
1.001304826845921481e+00
1.036605362942163433e+00
1.066646808241909827e+00
1.041922612998093856e+00
1.101190047460487653e+00
1.198488741164857485e+00
1.159427192387641803e+00
1.060441144579511441e+00
1.140897979256644934e+00
1.153620294721015460e+00
1.092779903892154181e+00
1.147241312816499326e+00
1.097192817741127424e+00
7.105079110884988669e-01
5.083402253836051266e-01
1.097226280922172448e+00
1.110072644339999526e+00
1.050056300546148957e+00
1.094871151854032609e+00
1.112288081019188191e+00
1.071482799250746520e+00
1.163442205110973404e+00
1.080231591034485072e+00
1.076222143869524084e+00
1.041553446237514446e+00
1.159979647956611126e+00
1.124735915576144940e+00
6.480447723786538772e-01
9.411101529034999746e-01
1.033450025224322610e+00
1.037635846473326406e+00
1.058992564561131999e+00
1.132305158645097398e+00
1.129379015745692660e+00
1.082150446698609381e+00
1.098457673534945389e+00
1.068694951287312511e+00
1.138049951901166645e+00
1.096700235004724799e+00
1.135703390433272730e+00
1.082873213717633565e+00
1.145687110473641468e+00
1.129454212825786730e+00
1.075690216998280713e+00
1.034635783464923797e+00
1.144072970887690222e+00
1.096864134771814658e+00
1.105800216852411033e+00
1.175175585304863324e+00
1.022256525846689357e+00
1.138119817529136046e+00
1.182176138284011691e+00
1.085379455270833793e+00
1.177158772458401170e+00
1.158742089796652941e+00
1.199330129697922631e+00
1.160331822058563001e+00
1.104125353966693535e+00
1.149074787429083200e+00
1.109993986879020733e+00
1.125025350503776833e+00
1.103596466822959865e+00
1.111622661473237406e+00
1.161113176968363581e+00
1.061633368677654676e+00
1.101007988164639295e+00
1.157024385266019140e+00
1.115188866217143193e+00
9.822913865394208299e-01
8.925885942320003208e-01
nan
8.366161513809333705e-01
1.071045573973667064e+00
1.071463488862304247e+00
1.018830129817348107e+00
1.035697335591576396e+00
1.028649648067518685e+00
9.737653336796180392e-01
1.100390366090414185e+00
1.039738966399813114e+00
9.826957883672755578e-01
1.009520338603174361e+00
1.116191870105731843e+00
1.185213284842739689e+00
1.088691620546355709e+00
1.155567058835901273e+00
1.087700310224414713e+00
1.061469367867611924e+00
1.129253730423143809e+00
1.096956660526549499e+00
1.032616287737308625e+00
1.184920592132189254e+00
1.131906113864409535e+00
1.106148741573459660e+00
1.128007983675410886e+00
1.195006071490778421e+00
1.144271241854279086e+00
1.147104044285805813e+00
1.145882040348620512e+00
1.130845040571754279e+00
1.100742213935411051e+00
1.126488049527965885e+00
1.076414519940160019e+00
1.132838706766355452e+00
1.128091716178108106e+00
1.128635950312216529e+00
1.135653830916968143e+00
1.143920053451684016e+00
1.071666544406099542e+00
1.066032912555534118e+00
1.160882101626609542e+00
1.051649764289649625e+00
1.012442207402528105e+00
1.098701716668970985e+00
1.027241784384832268e+00
1.100212902694637007e+00
9.510239131856770278e-01
9.666336432204516438e-01
9.325634054583169519e-01
1.018233470531426432e+00
1.044411530714879355e+00
1.017938878722777440e+00
1.054014033113974236e+00
1.006808731846136284e+00
1.106313175168492258e+00
1.003934759111062780e+00
1.083153460389513656e+00
1.092111197406221423e+00
1.135012529995109265e+00
1.074122403701700978e+00
1.136689526665284777e+00
1.076260203073463817e+00
1.132204152516552265e+00
1.118257928651954725e+00
1.144172840539420033e+00
1.096287222549988671e+00
1.121789970095703692e+00
1.087650500915417595e+00
1.125877361844368707e+00
1.149200040370917275e+00
1.155830451363974998e+00
1.043329984324634196e+00
1.062870869471829627e+00
9.544561516530124523e-01
1.041638304432391582e+00
1.000513495772250572e+00
1.051946471455151411e+00
1.000814970605405030e+00
1.027615396113473523e+00
1.060696342179875407e+00
1.128699185137483463e+00
1.171444668793276689e+00
1.077380442106651071e+00
1.070920096094534868e+00
1.156745608277141457e+00
1.195053162019730664e+00
1.113771978372043003e+00
1.187892726659132814e+00
1.112627702864420254e+00
1.094263445827177827e+00
1.092557811486374764e+00
1.067973151506586227e+00
1.008557681991945509e+00
1.181690916712064832e+00
1.090617582279141073e+00
1.167531576952950845e+00
1.164265789781781857e+00
1.142125164957150885e+00
1.096467208362830403e+00
1.161247391105426185e+00
9.867868410485932662e-01
1.131237913565761977e+00
1.111723422182903764e+00
1.046379800681784822e+00
1.153447735004983654e+00
1.156257597118310443e+00
1.170742387866118284e+00
1.080156913106642413e+00
1.130269817019379230e+00
1.086585836864357280e+00
1.105039435799079595e+00
1.003098604064064370e+00
1.132880803579721762e+00
1.118513389562513227e+00
1.125663707660899293e+00
1.105580440241979545e+00
1.033862106286271620e+00
1.059609301690113581e+00
1.128570033905300418e+00
1.021308401870671290e+00
9.706090902438105905e-01
1.226546162458715949e+00
1.181923044785993859e+00
1.190653607118882240e+00
1.133198004869762965e+00
1.138629895250206525e+00
1.016005209670048037e+00
1.012877206395000007e+00
1.045038426752576743e+00
1.117373402589951770e+00
1.054250354941307588e+00
1.065610788696304878e+00
1.120944835963537667e+00
1.136889379668523548e+00
1.098546722186266589e+00
1.076563420586420294e+00
1.039025843425150031e+00
1.159176448606326959e+00
1.112226932222891929e+00
1.182569628360861991e+00
1.061450024492989641e+00
9.875593876441147723e-01
1.141447064761479391e+00
1.133099757459104628e+00
1.139373722318995030e+00
1.138512553001764571e+00
1.118070463118930657e+00
1.113424050685913658e+00
1.095381888954974237e+00
1.036502703886341914e+00
1.062227724061543865e+00
1.088171248101469812e+00
1.137945530963266894e+00
1.146880053331648108e+00
1.148804480111482729e+00
1.199175399312504942e+00
9.656264271293879542e-01
1.012202490141222322e+00
1.113853293081795481e+00
1.153159187345080827e+00
1.140535109874703856e+00
1.190142340879196459e+00
1.100220485674903381e+00
1.152873941681308523e+00
1.062284151179398339e+00
1.142235096965607211e+00
1.113639675610427204e+00
1.235102195858366114e+00
1.154538934399808925e+00
1.135699860726304466e+00
1.027376985060862058e+00
1.138596230107651541e+00
1.068789649172267930e+00
9.372670037467962789e-01
8.144550660353030436e-01
9.606890925731234043e-01
8.040537439041153256e-01
1.075524881579213332e+00
1.098437170193757417e+00
1.121411780966689475e+00
1.108859118662779419e+00
1.006215285271276239e+00
1.020573510919495552e+00
1.044603333719734017e+00
1.036530979288644350e+00
9.808508722139358538e-01
1.000895223757077623e+00
8.440962801065545751e-01
8.765856772284084109e-01
7.967056314713493181e-01
9.307846888655014750e-01
9.754235767537531299e-01
1.009070260945926334e+00
1.014240431253286223e+00
9.972609861168988399e-01
8.726139285737005702e-01
8.567592246327483396e-01
9.311859356030219859e-01
7.962594882685130049e-01
9.247463577955757907e-01
8.598319571063530731e-01
8.410595555332138762e-01
8.995154803006192301e-01
8.377689402178251088e-01
7.902495517096083111e-01
8.327508211945228167e-01
9.634562393025005722e-01
9.729906114469267786e-01
1.056795578723608298e+00
1.079248505558242588e+00
1.017210928609863174e+00
1.060669507830992453e+00
1.029184567443221843e+00
1.048005748697424577e+00
9.707151216335641042e-01
1.110249842081221905e+00
1.051991118800110092e+00
1.210051506755803974e+00
1.150089710017097699e+00
1.130696085848534649e+00
1.113078036782339186e+00
1.291238272214855876e+00
1.124685702041251956e+00
1.078057959843728986e+00
1.121935235826892585e+00
1.149913287517069671e+00
1.140119301515403416e+00
1.039313401224950528e+00
1.074574657509265840e+00
1.114910571612995893e+00
1.021049969164429028e+00
1.114009234291518213e+00
1.184554491074484517e+00
1.103530387973799431e+00
1.119933200039046728e+00
1.086726977067958622e+00
9.473147314251784135e-01
1.135274249547461478e+00
1.119971586046805134e+00
1.111106548916465542e+00
9.454424402959917817e-01
1.062049164403655821e+00
1.029489209365043623e+00
1.194437181610622289e+00
1.153975666133091105e+00
1.140469109823504690e+00
1.148084274359332246e+00
1.162100082792009159e+00
1.065253213578254199e+00
1.086019695067100832e+00
1.037864652017049583e+00
1.090884890202871160e+00
1.156007474530545087e+00
1.104929420062616297e+00
1.110405849133066614e+00
1.094961039202224207e+00
1.047423903624533192e+00
1.109554921402782446e+00
1.123153125911657391e+00
1.036853628239108316e+00
9.710343227820821266e-01
1.009505685585656787e+00
9.481427407465573554e-01
1.002561873485785515e+00
1.056761635790680387e+00
1.011534885913719650e+00
1.098230002440259589e+00
1.085509399210263348e+00
1.141938970080491833e+00
1.092975134695745032e+00
1.225026616206123853e+00
1.104426741803864687e+00
9.589963867185667956e-01
1.126851718919699596e+00
1.093150069735675523e+00
1.007802901066340517e+00
1.011898531166674609e+00
1.039894081920352154e+00
9.461548189377566587e-01
9.777309297500159646e-01
9.292705247454432493e-01
9.893019696834235432e-01
9.542258200965098025e-01
1.034402784890762206e+00
9.689007458598998257e-01
1.090454997672225312e+00
1.051159409443355175e+00
1.001752535913847275e+00
9.825437873302704794e-01
1.026047779016680650e+00
1.035516920636563087e+00
1.136015843697510963e+00
1.120135515981028451e+00
1.161458799318396462e+00
1.185848958553486376e+00
1.143392136273998494e+00
1.160989054774095530e+00
1.085639720936118824e+00
1.038876528429575341e+00
1.069325711678410507e+00
1.082361160873031691e+00
9.494550644780953563e-01
1.086850809530409467e+00
1.098291251283247005e+00
1.028209664763292119e+00
1.070673293412755411e+00
9.392276604078118041e-01
8.202366546369178613e-01
8.756520595459079681e-01
9.198813744365524903e-01
7.669925118426231814e-01
8.584796185160702420e-01
9.158929474321670927e-01
9.067711546498544717e-01
9.519229866691999442e-01
1.020012683849363722e+00
9.860641305769262122e-01
9.317608745924094160e-01
1.014843619725183332e+00
9.697776437898797397e-01
9.495569250003618178e-01
1.034854498262911315e+00
1.100351815394762012e+00
1.114035180860129870e+00
1.037102918452663003e+00
1.038566571433185093e+00
1.089380408130290023e+00
1.086931932447777083e+00
1.000490305465131957e+00
1.095018170865211582e+00
1.117092014916171605e+00
1.059722781083248355e+00
1.129746741848671299e+00
1.036091244266445388e+00
1.059275030366591874e+00
1.010886907240327925e+00
1.025331339104335049e+00
1.050871373454632662e+00
1.070176136732397421e+00
1.134889725445293873e+00
1.032332401354801865e+00
1.140268761280374132e+00
1.074359583265479534e+00
1.004235355392283369e+00
1.035635194131365733e+00
1.092308361871711764e+00
1.037756839333428660e+00
1.065241507365813245e+00
1.033984193718523237e+00
9.050272462244505212e-01
8.779953627479012424e-01
9.788926654447144271e-01
9.954163214058022735e-01
9.656289535705785410e-01
1.069969168140612270e+00
1.158497599643118825e+00
1.092916860063098072e+00
1.173652463707584248e+00
1.061713972733105527e+00
1.028518072085440771e+00
9.618870565520084570e-01
8.001815985056223157e-01
9.742705482593382316e-01
9.601418251546223193e-01
9.064376328833984031e-01
9.516799179870351066e-01
8.961276248163787539e-01
9.697169859811703985e-01
1.268102605314683107e+00
1.255464000848853345e+00
1.078039349009152659e+00
9.752902951867885584e-01
9.418317837608131127e-01
9.726785156737494109e-01
9.855940944858995190e-01
1.096737179625835168e+00
1.020922651551853466e+00
1.212133868171261231e+00
1.105118178011448737e+00
1.140462428454935617e+00
1.219161243480824552e+00
1.107497006522908611e+00
1.134154832699807436e+00
1.102889762102854387e+00
1.057577634478134243e+00
9.418087758375475183e-01
9.743397376481481853e-01
1.037022340661433617e+00
1.034928156364483209e+00
9.377817304091430328e-01
1.015592652580040278e+00
9.062593533167301318e-01
8.401439191258034400e-01
7.801097162863992462e-01
7.976624234974939442e-01
8.608796886692077210e-01
8.227740357010152605e-01
9.065152764645398875e-01
9.833522745864812231e-01
8.780147619913117873e-01
8.281953909677677306e-01
8.275021795367945021e-01
8.304387089583031845e-01
8.097407747541831569e-01
7.510341885307243448e-01
9.006056877434982511e-01
9.269314739941543202e-01
1.034575063889653590e+00
1.146470660948328835e+00
1.175976490710891831e+00
1.114115730232126067e+00
8.540176214954747769e-01
9.655522151017310595e-01
8.847165989667545860e-01
9.385810839423434082e-01
9.432171064656170723e-01
9.838312570556010384e-01
8.502849997722469189e-01
8.503166418706464835e-01
8.516860414017967118e-01
8.373137752668555756e-01
8.639716467911335851e-01
8.598910712038915216e-01
8.902644651449755919e-01
8.002902190123172277e-01
8.241614469642557506e-01
8.592903861094446372e-01
7.924923521627598166e-01
6.216284472603953448e-01
7.566018772368007239e-01
8.095906795170341175e-01
7.613031407786757798e-01
8.165005231720036116e-01
8.029585400887397917e-01
7.565924450117228472e-01
7.997140751516722545e-01
8.193745228818265502e-01
8.286365656223781961e-01
7.482087089281213022e-01
7.847612565898074433e-01
7.994870929574073859e-01
8.872592658555830125e-01
8.214285393948821401e-01
9.009533189473653003e-01
9.090311000528294993e-01
9.246001991983333612e-01
8.171759886423465291e-01
7.949418210224292736e-01
8.195547760130402759e-01
8.545192939277993505e-01
8.442589865773701963e-01
9.231886679873313462e-01
1.013486547959415285e+00
1.028022834119386664e+00
8.453995992790237501e-01
8.791403766484234827e-01
9.015646437781972278e-01
9.651338018316292233e-01
9.493306036186874852e-01
8.318815810675084244e-01
8.559775746423277099e-01
8.778714674818444141e-01
9.407881795980747031e-01
1.095912663652557795e+00
9.497423948741111621e-01
1.010728937430519725e+00
9.164976713671378894e-01
1.022648213013824359e+00
8.893117839769839605e-01
9.433248790605307521e-01
9.186888687601055814e-01
9.631277779789978455e-01
9.016415560340840241e-01
9.768299019563977392e-01
1.049880015239385234e+00
9.512840501557607853e-01
9.670569218626228203e-01
1.032475280372150195e+00
9.505662748836986031e-01
9.864506759468262276e-01
1.041537341071206768e+00
1.170112534792137948e+00
1.199835948324365020e+00
1.215317915780626423e+00
1.087030959289317256e+00
1.149865310761678527e+00
1.139378865392893792e+00
9.739428713302766827e-01
9.154536294468800239e-01
9.000912000143211911e-01
8.872581410447069050e-01
8.881788812366661068e-01
1.101981297471498866e+00
9.749828948314820387e-01
8.837726057922545841e-01
8.405497521195632871e-01
8.748586646721117077e-01
8.874297545747926730e-01
8.672846716362304642e-01
9.141361419718786463e-01
9.426033474837210990e-01
8.269197475406208087e-01
9.378490883452880178e-01
8.572677958915414509e-01
9.399335081245181467e-01
8.301692932105272371e-01
7.529420850553576461e-01
8.555377630874337891e-01
9.038895150958671243e-01
7.429886622631650672e-01
8.318216687140047583e-01
8.366430733280389997e-01
9.084267773575814831e-01
8.264939899758889652e-01
8.920366791459218847e-01
7.599110898866227037e-01
9.061922458219623389e-01
8.155267560097785307e-01
9.075081702616056845e-01
9.618531885638492707e-01
9.394005054242456909e-01
1.137132133672485335e+00
1.097837091220932315e+00
9.149342661146734335e-01
9.056967229858757795e-01
9.573352765498391870e-01
9.546750193237797388e-01
9.485419245450666947e-01
9.395257044784688372e-01
8.992374416442703300e-01
9.587961596328641312e-01
8.562082294411523797e-01
8.420661067067312100e-01
8.390839366304234659e-01
9.151560374536231723e-01
8.951384044506779381e-01
9.008790520712243177e-01
6.073972925287168811e-01
5.836110374715041127e-01
5.956928248218604782e-01
8.975774073636073602e-01
1.020755913720551522e+00
1.024203826390009286e+00
9.929083767567845609e-01
8.235625978675580328e-01
8.776500858243685421e-01
9.111659937372585949e-01
9.040159392986762965e-01
1.040304063706553483e+00
1.015808098796942005e+00
1.151723261664506115e+00
1.164982870967935291e+00
1.090274688550035176e+00
1.056872376148921155e+00
1.075744551829727502e+00
1.208758201264469534e+00
1.024020777445818986e+00
9.426716118794047361e-01
1.151167911418504719e+00
1.004753426042098940e+00
1.084438322824216705e+00
1.102183164056586895e+00
9.499619285775496857e-01
8.310340720613021981e-01
9.438922413873649386e-01
9.933482209146888842e-01
9.613387847804329978e-01
8.881159839721218807e-01
9.410055033817559256e-01
9.750753010846304747e-01
9.943228365319023432e-01
9.703526439864423869e-01
8.877635510250507789e-01
1.085682611405303089e+00
1.085818494302754011e+00
1.062404542168916999e+00
1.158384260550293643e+00
1.163030662408265803e+00
1.072807759549608386e+00
1.040647182170562068e+00
9.921187456710220953e-01
9.969369497237092759e-01
1.004405355035932423e+00
1.019450433967426850e+00
8.992275096931816591e-01
9.878873738729617715e-01
9.866508600911318982e-01
9.988840387554801525e-01
9.501244975792930703e-01
9.103384266735576880e-01
8.769586578938701749e-01
9.579045154545038354e-01
1.082002804725471945e+00
1.044431288077683817e+00
1.157395901484723266e+00
1.235009754176209062e+00
1.062984941284141449e+00
1.050301142692093403e+00
1.064599769215110348e+00
9.658958231295151631e-01
1.013748435435620765e+00
1.164350045017888302e+00
1.140463526887048218e+00
1.135723713537766910e+00
1.160292314078819276e+00
1.099060757497138940e+00
9.411648420877966048e-01
1.015143346308196692e+00
1.049320544155545543e+00
1.015117247409860646e+00
9.636004944008010886e-01
1.006022771096298563e+00
9.773766918092958722e-01
1.044356594695602380e+00
1.057667887385985495e+00
1.097475808022644550e+00
1.021072757127639008e+00
9.978178270055190202e-01
9.490064238692798027e-01
8.929596742002662291e-01
9.936273993013744477e-01
1.134362465802704945e+00
1.074149473103687136e+00
1.091841254502616154e+00
1.149358362466111227e+00
1.052428859519373150e+00
1.071200806626142921e+00
9.988653680971406601e-01
1.097941075654025989e+00
1.069671910252396607e+00
1.161923149136557365e+00
1.091801859142975895e+00
1.093187719833904170e+00
1.104911527836596186e+00
1.172643029797526104e+00
1.256563818349569539e+00
1.160362656968108253e+00
1.122227318400504492e+00
1.130491030856525914e+00
1.076028798535141329e+00
9.460662458747582937e-01
1.110052151093353423e+00
1.165762808484773760e+00
1.103839300896264364e+00
1.016170072705911309e+00
1.036747693078525545e+00
1.114923256678592711e+00
9.163908638598521339e-01
9.728961101560736902e-01
1.060658940684155560e+00
9.710819250739450847e-01
1.024463609815661425e+00
1.065611692415177281e+00
1.040525722133002429e+00
1.096795266817675474e+00
1.125477773365132883e+00
1.047570951724918320e+00
9.091073377753083884e-01
9.265957441223482416e-01
9.218933750003511784e-01
8.541742797881846094e-01
8.388662794968548830e-01
9.070168321694704883e-01
9.050837181098267958e-01
8.349518688909512987e-01
8.247360349258647805e-01
8.877337252054570138e-01
8.487989786727099251e-01
8.241397596578393658e-01
9.109317051077131522e-01
8.730558450679560822e-01
8.790513983342997939e-01
9.713124229647319696e-01
1.018252947342359160e+00
9.833625723257848339e-01
1.043011598970203790e+00
9.671955742501917586e-01
1.011738240909333619e+00
9.264334868046759652e-01
1.011981878628538389e+00
1.006356244000879530e+00
1.010840514016204450e+00
9.319244894496206966e-01
9.722535717900300245e-01
9.553346999320116995e-01
9.261932725547679102e-01
9.499526328529301900e-01
8.442574986076896160e-01
8.114236239014419594e-01
9.378243292375136875e-01
9.124277949045127567e-01
8.348309026888141027e-01
9.868721285268197141e-01
9.715998375364462980e-01
9.653077896669066682e-01
9.222293741626028662e-01
9.635343593526742856e-01
9.309299608145962246e-01
9.096717810134806736e-01
8.115255790810098624e-01
9.174615041829546902e-01
1.032016051683296354e+00
1.047800340832339305e+00
1.230413257383118797e+00
1.113512084240171340e+00
1.130873608713545142e+00
1.211952226499755092e+00
1.053374554299604693e+00
1.186930387931274922e+00
1.140286433976285485e+00
1.089409047549451115e+00
1.002021865029144809e+00
1.007450217187350949e+00
1.044966630746217984e+00
1.147662540657538699e+00
1.159828752391831364e+00
1.088707357409053778e+00
1.140905742959272606e+00
1.278450975893423269e+00
1.277831098796534004e+00
1.136276955931275312e+00
1.070709038450536443e+00
8.859977627166711889e-01
9.233502449406215673e-01
8.944902096566085259e-01
8.710034916536565364e-01
9.464875242164135782e-01
8.168840958175720424e-01
8.264075762794990121e-01
8.218498468793977718e-01
7.871204397841764511e-01
8.817052606077178112e-01
7.776254137748993545e-01
8.067609548841385703e-01
7.960943031614893250e-01
7.403647964033032158e-01
7.897589921914692779e-01
8.554253231999860985e-01
7.263894218590227769e-01
nan
1.350304997850113875e-01
8.645313240710688074e-01
4.872133474772533668e-01
5.539711585902514640e-02
7.212270688917256090e-01
7.214400455698372072e-01
8.017869203389954569e-01
9.098402692496078137e-01
8.703948606482114769e-01
8.660226131689664486e-01
8.631116526489237550e-01
7.656141336353251559e-01
9.002306228319808534e-01
9.620219394737694607e-01
7.832776377048625838e-01
8.908573959528448549e-01
8.298241243133600564e-01
8.144464787893213042e-01
7.871802223599604353e-01
8.029470806627099222e-01
8.260010446635563941e-01
8.495899076271593575e-01
7.681370914469149991e-01
7.587879457215069845e-01
8.067856602210304873e-01
9.147667249603771422e-01
7.778839196686028190e-01
7.770028412965657161e-01
8.269952802084604704e-01
8.145222599332806457e-01
8.092380131895493545e-01
8.690841083141312984e-01
8.750464617266882072e-01
8.989076043965187335e-01
8.917424389616410707e-01
8.123920261018880984e-01
1.019736009132271137e+00
9.803964743238573476e-01
9.490475584452396918e-01
9.361947601690214782e-01
1.075395652991105067e+00
1.114935902239555965e+00
8.553916847085459851e-01
1.008422601603050639e+00
1.038277342991631436e+00
1.015042777108857486e+00
1.038851264751293968e+00
1.060760427059593614e+00
6.589649178864706025e-01
5.303127865750963954e-01
1.946467524375021518e-01
8.103791366067863988e-01
1.041069240247931127e+00
1.041919147496973119e+00
1.022925277785326159e+00
1.121159323867209290e+00
1.127674259401948209e+00
1.162027796443637850e+00
1.105310423245659202e+00
1.065740268728622153e+00
1.147025863956715463e+00
1.195215369739817346e+00
1.107006429183936325e+00
9.562285500908858094e-01
1.116024913875295566e+00
1.092151383281155352e+00
1.161066106195224767e+00
1.035869760647205151e+00
1.078509861535886127e+00
1.093371328266170783e+00
1.195636924902861331e+00
1.113981545722847022e+00
1.151053908756667354e+00
1.019473253458708317e+00
1.046107850244304194e+00
1.077523289072217949e+00
1.109910542686853629e+00
1.110200096317335072e+00
1.231408359022700516e+00
1.032277499421548228e+00
1.129336117185717470e+00
1.171558204032847827e+00
1.148468050870030899e+00
1.228432403847619092e+00
1.169948609539804174e+00
9.918818326702855126e-01
1.081223445171939579e+00
1.011282448668691103e+00
9.828634026085252273e-01
9.947035743600765034e-01
1.154579417421136345e+00
1.065889295460192177e+00
1.089479444112278594e+00
1.145947492425001712e+00
1.040959899418984147e+00
1.111105670005805512e+00
1.126268540799320039e+00
1.121478122802634037e+00
1.048738675285421751e+00
9.095033730591046695e-01
9.516033143846328590e-01
9.475967661621133020e-01
9.607095319636411723e-01
1.079610065270849351e+00
1.151197349905978884e+00
1.193801486748169882e+00
1.139137933192751584e+00
1.087639757024744691e+00
1.041511735221653412e+00
9.987837628992276562e-01
1.018619063323823237e+00
1.165623183078012826e+00
1.115319915206792967e+00
1.059367719200739133e+00
9.561937455790153750e-01
9.048020546267283581e-01
9.410351571020634243e-01
1.043316713418428909e+00
9.328991682457858925e-01
1.013710193775963386e+00
9.672988290599607852e-01
1.003910085672060859e+00
1.057144201051448684e+00
1.056795435083708101e+00
9.673753365198749510e-01
1.014972293171036322e+00
1.061594019593261384e+00
1.018672144162426907e+00
1.081596649666152654e+00
9.927589120472344320e-01
1.128444577760131295e+00
1.114374745056571303e+00
1.088939222242223170e+00
1.112086377395766545e+00
1.168068124819655829e+00
1.139150621025011301e+00
1.107939689005096318e+00
1.159989934715199400e+00
1.038764238075971624e+00
1.061119100200526688e+00
1.046308433881518951e+00
1.065141854366507879e+00
1.072697252134798163e+00
1.027924400670083394e+00
1.027652041528507310e+00
1.061615702679048923e+00
9.031130380182660344e-01
9.384235992611554833e-01
9.317773442179899668e-01
8.413519091560032193e-01
8.308189207115329600e-01
9.576773217870613308e-01
8.554212769972838748e-01
8.441873126209183953e-01
9.047027027066664173e-01
1.077723364380441584e+00
1.029141478535667176e+00
1.042550770902486823e+00
1.087334052268816631e+00
1.115079585811197482e+00
1.026959364499784311e+00
1.065614286199949801e+00
1.073207236594231784e+00
1.104107017173345140e+00
1.001073556050733782e+00
9.630521987400586514e-01
9.280427198235478015e-01
6.803727503899241746e-01
2.158850764556915214e-01
3.215413635719333585e-01
1.847082068328345095e-01
5.042185258166874406e-02
7.578440709360383387e-01
7.580338586897842346e-01
6.230256841258914324e-01
5.386046188023096093e+00
nan
nan
nan
nan
nan
nan
nan
nan
nan
nan
nan
nan
nan
nan
nan
nan
nan
nan
nan
nan
nan
nan
nan
nan
nan
nan
nan
nan
nan
nan
nan
nan
nan
nan
nan
nan
nan
nan
nan
nan
nan
nan
nan
nan
nan
nan
nan
nan
nan
nan
nan
nan
nan
nan
nan
nan
nan
nan
nan
nan
nan
nan
nan
nan
nan
nan
nan
nan
nan
nan
nan
nan
nan
nan
nan
nan
nan
nan
nan
nan
nan
nan
nan
nan
nan
nan
nan
nan
nan
nan
nan
nan
nan
nan
nan
nan
nan
nan
nan
nan
nan
nan
nan
nan
nan
nan
nan
nan
nan
nan
nan
nan
nan
nan
nan
nan
nan
nan
nan
nan
nan
nan
nan
nan
nan
nan
nan
nan
nan
nan
nan
nan
nan
nan
nan
nan
nan
nan
nan
nan
nan
nan
nan
nan
nan
nan
nan
nan
nan
nan
nan
nan
nan
nan
nan
nan
nan
nan
nan
nan
nan
nan
nan
nan
nan
nan
nan
nan
nan
nan
nan
nan
nan
nan
nan
nan
nan
nan
nan
nan
nan
nan
nan
nan
nan
nan
nan
nan
nan
nan
nan
nan
nan
nan
nan
nan
nan
nan
nan
nan
nan
nan
nan
nan
nan
nan
nan
nan
nan
nan
5.336523587082362408e-01
6.888392758851932252e-01
2.674620505182508379e-01
2.525544234773741681e-01
1.286950131353759852e-01
nan
4.937197719372114491e-01
3.413040778017338295e-01
7.549729272868357932e-02
3.240778702594970251e-01
1.946308936881179785e-01
5.786874723245515745e-02
2.366406547527112048e-01
5.318687266581929862e-02
4.078759085373974691e-01
9.376838372023338364e-01
1.073797928359212540e-02
6.460711929086968876e-03
6.888381181668781772e-02
6.009199856108675408e-02
6.179867403560770356e-01
3.842815489880377355e-01
1.092462974852198843e-01
1.190712179365722712e+00
1.628669068341048742e+00
2.707095512197635223e+00
1.192871705103051960e+00
1.220177601480735063e+00
5.585788041481669630e-01
1.154139693010065582e+00
1.121555219815740356e+00
1.023282145234995166e+00
8.292079410336804512e-01
2.821090593258366308e-01
6.442680037042258778e-02
8.030518529497086833e-02
6.713785419863107715e-03
4.177735887115340691e-02
8.514708589884209533e-02
3.464644738983138073e-01
9.554332182272347040e-01
9.374346942217635092e-01
9.593213931974445829e-01
8.476415669941491648e-01
9.739629226776248538e-01
1.029852128592545268e+00
1.050834816509702563e+00
9.025182443391968068e-01
1.065841348667289745e+00
1.858532948687657005e-01
2.746257270304957102e-02
8.487817786002948423e-03
8.033552766157822100e-01
4.783661026746011680e-01
1.435076467953588231e-01
3.049584374164058809e-01
1.205178759722407428e-01
2.427491195326003381e-01
1.667354033761641319e-01
nan
3.676333998117942148e-01
1.699848651616930606e-01
3.446644061079630339e-02
4.625904986060967450e-01
6.829999691247338189e-01
7.386922575695467064e-01
7.734618334188134714e-01
1.098899531553952036e+00
6.226435912761805191e-01
1.558522932385580095e-01
8.310654696992307577e-02
4.951002724427672197e-01
5.433769800459777866e-01
7.061773680101788297e-01
1.108732394994608628e+00
1.051930427251975608e+00
1.107273009714659917e+00
1.191412158706593560e+00
1.129364082190114082e+00
1.063472314655558026e+00
1.120055912978535906e+00
1.046925386370576749e+00
1.077774343684296809e+00
1.106126005133932333e+00
1.120194226919006830e+00
1.113427818635101874e+00
1.092485338030426689e+00
1.176127445075054290e+00
1.145604394717060881e+00
1.109375559278303891e+00
1.091162039429715458e+00
1.041580745170144429e+00
1.057471351478615817e+00
1.121940143253335131e+00
9.592413074314227739e-01
1.007096279497540880e+00
1.014670169969960289e+00
8.247726974380641396e-01
9.419961376332788294e-01
8.830161408517275268e-01
8.168022563253983792e-01
8.904384282416208940e-01
8.695102833253798291e-01
9.882424155943055899e-01
9.044318466386026545e-01
9.298509854722700751e-01
1.001864796471366725e+00
1.096211256537426237e+00
1.010618858782303287e+00
1.063650603878818268e+00
1.120240786708056824e+00
1.127182521510867730e+00
1.096254943558262029e+00
1.131790681183911795e+00
1.167088397875671202e+00
1.035976292437356339e+00
1.138749166022069881e+00
1.076584621201658765e+00
1.087267413883541423e+00
1.050242079025841324e+00
1.141104507402390666e+00
1.049737737578782415e+00
1.158690007889203066e+00
1.159708479497580713e+00
1.109485718064352255e+00
1.090407523995633676e+00
1.069959571294695211e+00
1.122517948884836914e+00
1.108200411850288170e+00
1.118287988281290612e+00
1.110348767673729364e+00
1.029701672261770229e+00
1.083496350605921865e+00
1.114085321048496446e+00
1.156696552730323013e+00
1.150266361067722176e+00
1.130473165454127793e+00
1.106346436989003701e+00
1.129628534374934823e+00
1.137401196160366945e+00
1.104211980106326152e+00
1.153160034938205181e+00
1.207906710384969884e+00
1.070293458003173770e+00
1.170196032522610841e+00
1.126924571066481029e+00
1.112373516915137861e+00
1.051782114382915356e+00
1.063250306671531309e+00
1.111718326524536726e+00
1.074422084015170142e+00
1.033376048726360574e+00
1.084781894431689375e+00
1.006111228618388198e+00
1.017742101798645882e+00
1.032848876339773181e+00
9.480744207268185786e-01
9.796028404313844584e-01
8.941985190006573880e-01
9.271455429003242488e-01
8.683926272323656548e-01
9.768354516890944694e-01
9.806353445644059308e-01
9.131099205753603343e-01
1.041748265808721374e+00
1.073335378569555632e+00
1.011136588610135334e+00
9.636871001929852021e-01
8.376775913546805619e-01
8.607187793476570592e-01
8.148868890222691341e-01
9.610947688766835473e-01
9.993589399842521814e-01
1.107447953762005444e+00
1.110726697145102415e+00
1.118987438732582662e+00
1.174578529912177149e+00
1.160217366436540276e+00
1.223033701317268296e+00
1.148079297951113631e+00
1.236656584347338050e+00
1.210107744884237668e+00
1.237028935392707973e+00
1.085346163554576471e+00
1.125194958193348249e+00
1.170783715117758028e+00
1.221786550518356718e+00
1.165219475048448361e+00
1.154812746332575912e+00
7.520496338535610503e-01
7.137800411957613278e-01
8.362733672582421951e-01
1.159098515184735945e+00
1.082917188015161125e+00
1.065429027572500464e+00
1.023427646022686321e+00
1.035703001113612576e+00
1.006892207902251979e+00
1.097700283142850619e+00
1.020269060907685654e+00
1.158472282837668565e+00
1.143777497326800452e+00
9.761178859967108989e-01
9.610253920357835211e-01
9.802861285593854612e-01
9.571925092498057008e-01
9.405693180914510565e-01
1.044589035866492210e+00
9.922617768966652818e-01
9.081529204510699893e-01
9.296739130359853442e-01
8.316945321582721595e-01
8.232428880881486055e-01
8.475585594136052503e-01
8.294005106756193735e-01
7.440570140252616982e-01
7.985339212646912488e-01
8.451529194104868692e-01
7.862547963169219667e-01
8.752278224283071006e-01
9.270373959976243583e-01
9.777204485137309664e-01
9.701430417635529269e-01
9.943946888016009789e-01
8.898162183871616282e-01
8.946123627311463045e-01
9.767376236918530186e-01
9.837894711073599252e-01
1.053864131095093581e+00
1.028833262468395793e+00
1.023188548458126457e+00
1.215684567112212733e+00
1.137907942837953268e+00
1.204495898844818003e+00
1.069839014584865744e+00
1.101562800807399212e+00
1.040297627945849568e+00
8.839761396850062125e-01
9.682031790972697172e-01
9.504373216188127804e-01
8.861592391989150386e-01
8.967602117194740652e-01
9.288014375814660495e-01
1.113443859055564644e+00
1.091772304542070193e+00
1.089277861553780813e+00
1.055647349349992714e+00
1.089359074997727994e+00
1.094477075539376898e+00
1.136298521043285881e+00
1.154674073303428639e+00
1.286052883453774998e+00
1.172895635776662226e+00
1.085246664780495474e+00
1.062199930068653542e+00
1.063983970370672605e+00
1.074285879351692063e+00
1.110867236240170586e+00
1.060693480190199489e+00
1.092791790979177335e+00
1.081450870933701847e+00
1.075744405518501035e+00
1.034813591664223820e+00
1.050593197156885150e+00
1.070149208509669547e+00
1.212930338278610964e+00
1.102674817066973123e+00
1.024965124145141626e+00
1.119377738372240971e+00
1.037768172077874640e+00
1.103694242120608848e+00
1.127568947481488948e+00
1.077636246198968140e+00
1.178229351449432416e+00
9.698921716543920102e-01
1.007097288776275024e+00
1.084079535368149605e+00
9.665722247454915372e-01
9.729077182964747106e-01
9.716060473283463228e-01
1.068721583838475375e+00
1.016404517257911033e+00
9.857811806305908364e-01
9.119675512545742935e-01
9.400309089435996412e-01
9.493307639370284212e-01
8.413325296925838748e-01
1.012885178653468499e+00
1.074467151198952086e+00
1.143788449245217054e+00
1.145509475180070957e+00
1.008383797977373542e+00
1.140959951751446821e+00
1.022265237026684703e+00
1.117579318053155690e+00
9.559071540181313109e-01
1.091786229709663880e+00
9.586144848883797476e-01
1.137959276585633450e+00
1.115506946971140056e+00
9.807677654293553982e-01
1.102659314798568380e+00
1.104773065281797084e+00
1.003742508954964974e+00
9.483180777602140399e-01
9.979387775101768998e-01
1.116503748616267444e+00
1.131413511345616518e+00
1.208053504283762347e+00
1.159870475282667179e+00
9.871452204192756597e-01
1.049821171470292969e+00
1.145087332814140435e+00
1.167733067333339037e+00
1.145222645930404015e+00
1.130479388524664675e+00
1.076819991426095635e+00
9.133707570843131451e-01
9.363128407140715037e-01
9.125488262927569094e-01
9.248065838293293428e-01
8.869898755162629600e-01
1.188225024507735927e+00
1.042384637424237814e+00
1.176137978985340782e+00
1.118548827511516519e+00
1.195909583981944690e+00
1.162587297694680721e+00
1.120255880639759116e+00
1.060494617008309826e+00
1.027136105429072410e+00
1.076085642105048423e+00
1.083434409660537057e+00
1.104740923036735989e+00
9.418699500900583610e-01
1.086091201687343633e+00
1.079191059332714531e+00
8.571798652143789443e-01
9.331391541441191873e-01
9.632316546879243768e-01
9.582133141338059490e-01
9.180553123211886435e-01
9.593945015139784260e-01
1.029941522641604212e+00
9.781915739530981924e-01
8.956697448754221691e-01
9.583817326290854366e-01
1.009078927930653125e+00
9.221958880800167346e-01
9.090448958086264630e-01
1.023892912210919048e+00
9.236152831005034480e-01
9.563540685651739093e-01
1.001719698018888938e+00
1.009576075871161382e+00
9.694899189024662745e-01
1.010773773806462383e+00
9.080183259843219723e-01
9.375663378747336463e-01
1.080056710582334212e+00
1.111576918049835383e+00
1.044117216416138305e+00
1.065467540655032685e+00
9.175103867511561484e-01
1.028544188819917604e+00
1.150047265642733629e+00
1.122987509913030424e+00
1.109647186788576656e+00
1.049090619153363990e+00
1.007247340874003472e+00
9.338023040211613779e-01
9.721782248573620500e-01
1.092849439392125532e+00
1.159791273583022031e+00
1.176172540682974166e+00
1.071105666742810714e+00
1.097277604906394810e+00
1.136181781420964487e+00
1.012328143131016045e+00
1.124336553082262213e+00
1.159138168122017865e+00
1.001358460390272320e+00
1.079028198952872053e+00
1.136705484992980963e+00
1.170592507510602509e+00
1.282283025887979822e+00
1.252107018129949845e+00
1.058400300350274437e+00
1.171014746899549985e+00
1.249958642320549762e+00
1.179330837080033056e+00
1.045728529139362317e+00
1.121061201615533021e+00
9.922861642004988658e-01
1.049354286688900073e+00
1.072228318853607476e+00
1.148433522425070574e+00
1.077639855838781857e+00
1.168228918023407337e+00
1.070934588964329803e+00
1.219071727602588640e+00
1.104511126865620696e+00
1.133657113797606586e+00
1.078242614351154094e+00
1.080535890360161622e+00
1.127658042445369047e+00
1.157556658501738944e+00
1.245977722713617508e+00
1.053183115761275879e+00
1.139906648016108193e+00
1.179651121392757407e+00
1.161043216778448350e+00
1.178330543778914663e+00
1.241212223996178476e+00
1.136944445308817553e+00
1.044121338147389499e+00
1.008563809795949728e+00
1.013945565952381500e+00
9.785756541556227539e-01
1.029722417771132159e+00
1.088310772912150615e+00
1.094279734397622939e+00
1.123797599406433756e+00
1.037415648737755713e+00
1.052408259874648477e+00
1.024933412464526183e+00
1.091104182531582811e+00
1.009389017070784877e+00
1.072943593412885699e+00
1.000342910575416910e+00
1.080121341741475449e+00
9.956247934999705729e-01
8.939993375211678917e-01
8.762985944688560513e-01
8.598831295406017539e-01
8.632446439959432505e-01
9.223243847376874083e-01
9.074112832390669459e-01
1.107150834008141072e+00
9.889843871816987875e-01
1.012404187592693017e+00
1.018689593580578867e+00
9.294219073348015669e-01
9.825382582545476584e-01
1.012854676246632613e+00
9.781042332035102538e-01
9.131604009509166620e-01
9.265415748550814845e-01
8.066780606100047990e-01
8.844405169387989929e-01
7.951773967365551865e-01
8.365742255197841093e-01
7.373392916864669466e-01
8.482150095584366500e-01
1.061729843573672838e+00
8.731651351163878250e-01
8.562232921234753658e-01
7.955448005586973625e-01
8.630228189500367408e-01
7.190774554771827143e-01
7.864303967935646345e-01
8.120146033700449406e-01
7.655482249418151808e-01
7.647481932675108673e-01
8.331631369028292822e-01
7.859639756325950133e-01
7.406261785856602664e-01
7.409459414981790504e-01
7.992524499505179181e-01
7.754068580109743092e-01
7.563473357060156443e-01
8.003935148953699175e-01
5.352586924889483067e-01
8.591997103965887117e-01
7.663384521131089144e-01
7.546785373986411027e-01
7.647515838684840750e-01
7.727322914142631394e-01
8.052978955030608565e-01
8.127495157122255343e-01
8.525816693980227123e-01
7.340704966194426806e-01
7.791143086776223248e-01
8.729542934291486533e-01
7.381509062457292103e-01
8.026462120573554238e-01
8.440469783122356295e-01
8.440455904646552154e-01
7.851256007217645161e-01
8.243095590439005749e-01
8.551645028675970428e-01
8.205745340713249680e-01
8.049119197297888162e-01
8.135749422580775825e-01
7.796536433742941030e-01
7.947119712267910474e-01
8.646724033165752443e-01
8.913117816176260311e-01
8.925143529076963178e-01
1.068773712211545712e+00
1.237126089097622783e+00
1.064285914931341059e+00
9.957803041958994683e-01
9.376411637439799884e-01
1.127017128989958206e+00
1.182847234033710837e+00
1.090254073436599969e+00
1.024406159769332136e+00
9.843041002836095954e-01
9.013993500622459187e-01
9.122360577104373647e-01
8.454662048691495846e-01
8.421844064864707491e-01
8.250788003501227097e-01
8.237616060527265249e-01
8.395379282257561249e-01
8.337391896883091791e-01
8.331306277272717553e-01
8.258219334282085322e-01
8.233770043451242859e-01
8.088203523944806905e-01
7.933158420469956784e-01
9.119130570773839040e-01
8.248013553836931466e-01
8.515490428440543047e-01
7.780890373649926861e-01
7.703519517101869996e-01
7.704834512733081953e-01
8.210263565494029248e-01
7.927568547431489421e-01
7.881368389127539897e-01
8.016721308783869571e-01
8.298791348074784358e-01
7.473784232545146455e-01
8.637804569102311980e-01
7.992230504618373921e-01
7.967029994237475599e-01
7.873342727429816224e-01
8.430923936372169969e-01
7.852558524400314877e-01
7.604006514065878575e-01
8.988471860636375599e-01
6.975109875169950291e-01
7.122793328128579349e-01
7.806675474339002108e-01
9.394602184875936457e-01
1.024131527773527450e+00
9.063866878000769178e-01
9.098326582495271930e-01
8.718018047819909855e-01
8.120012942984750071e-01
7.754049728585341583e-01
9.368978445279018130e-01
9.348877021357828720e-01
9.061344946137608325e-01
9.630645290672876779e-01
1.044667497255429511e+00
9.813004965030807103e-01
9.992185994994099429e-01
1.048054470228871882e+00
1.215705370593106682e+00
1.087416908129343218e+00
1.155090194198081122e+00
1.064028695097535282e+00
1.070383590085299375e+00
1.126741745699757491e+00
1.081750586128733316e+00
1.183326465668768979e+00
9.861056570097638252e-01
1.005844589263647837e+00
9.312131878416552988e-01
9.267006513842791504e-01
8.783201858991444011e-01
9.420622968037846157e-01
1.060934866233983476e+00
1.024554692918320686e+00
1.055272631800298067e+00
1.148570676240372679e+00
1.199936472466107018e+00
1.207773149353889464e+00
1.219582856551821637e+00
1.123975389165138061e+00
1.114705531458466847e+00
1.123359123800278248e+00
1.173333159472322418e+00
1.188263163116511256e+00
1.091874883988021017e+00
9.919619267945629648e-01
1.170032577131284945e+00
1.207444873971393884e+00
1.161140102661777584e+00
1.028990199898421443e+00
1.147659523905246726e+00
1.150158052891900873e+00
1.145197998021603825e+00
1.130704655099034062e+00
1.047105621640031181e+00
1.100585720134434675e+00
1.018790406038187157e+00
9.894703265312709828e-01
1.110881379436087668e+00
1.150244687106174890e+00
1.124387993679138109e+00
1.126827464225238495e+00
1.110910598543536132e+00
1.092738476299464301e+00
1.223286594252908976e+00
1.207932943938465398e+00
1.139800373154348900e+00
1.112002584084688772e+00
1.129271968382379088e+00
1.169586648393145634e+00
1.134047846412932659e+00
1.019987647359284377e+00
1.068192835384071726e+00
1.101358236490962428e+00
1.074719842654089152e+00
1.085014232903303011e+00
1.109776125589198914e+00
1.216452595415477456e+00
1.157955244700843211e+00
1.081408344362123630e+00
1.093105309286428684e+00
1.069234186762982208e+00
1.083138330053187159e+00
1.127141550926411329e+00
1.144618652995238905e+00
1.198642319556160629e+00
1.116955871874434347e+00
1.177500971541597385e+00
1.076634072429615729e+00
1.216676422283766490e+00
1.159301855844909968e+00
1.146127786018923178e+00
3.695985617917403876e-01
1.494230560259008356e-01
5.002886511268329617e-01
1.307451150941455253e+00
4.923296406549786397e-01
1.320877140116758497e-01
6.502280187894292629e-01
1.190694375228300350e+00
1.238608558595763798e+00
1.276454716268048850e+00
1.295738704121259799e+00
1.125722990229218956e+00
1.250762793397003581e+00
1.185308246403677712e+00
9.661692251854805402e-01
1.003571451220232280e+00
1.016488296053247975e+00
1.072764801551129299e+00
6.415192162856034885e-01
1.025621739263131271e+00
1.085041985931855857e+00
1.146698257445814662e+00
1.103469101637507999e+00
1.100725994770171967e+00
1.057726919860819903e+00
1.058341763060991259e+00
1.011521484267987603e+00
9.825727517433036073e-01
9.789095547205823866e-01
9.063440723065113724e-01
9.084674129514404006e-01
9.599497705792612301e-01
9.848910972031714728e-01
1.064007056046810895e+00
9.603600895684258898e-01
9.444256034079500095e-01
1.061196572418242390e+00
1.051071915456200045e+00
1.122912811416245438e+00
1.122459531096824836e+00
1.214874692451468841e+00
9.328755325768608442e-01
9.686749770791478475e-01
9.320135022858476725e-01
9.527252370808145798e-01
1.054396249120571616e+00
1.201160863197906714e+00
1.098778137635983532e+00
1.039178631491920246e+00
1.067928217047872330e+00
1.013402748518286822e+00
9.437996714741960780e-01
9.132701061411006016e-01
8.942486923591577153e-01
1.094911404543210010e+00
1.088431179487598710e+00
1.094699626767477341e+00
1.117897411515220263e+00
1.184932521081882184e+00
1.245626306460582589e+00
1.094207446149378704e+00
1.140462115308235713e+00
1.136191689177243669e+00
1.189078277450837939e+00
1.143962613348185497e+00
1.153841599937750262e+00
1.139934869603368428e+00
1.206460504918091203e+00
1.068893792061727854e+00
1.180633826343908233e+00
1.185722653709081920e+00
1.137569996438398956e+00
1.272994964823612962e+00
1.121492404820788380e+00
1.061279303355323167e+00
1.103869983500648466e+00
1.050050432834556347e+00
9.684817155437349667e-01
9.995724220615364031e-01
9.222008614583021568e-01
9.817523739574810504e-01
9.834329901140367314e-01
9.514594333729555764e-01
9.294576583990709073e-01
1.047922334852365633e+00
1.117343787246174891e+00
1.128692802589508659e+00
1.108483132327524823e+00
1.080556136911743570e+00
1.036442667965832953e+00
9.792535191676163819e-01
8.365397856731378035e-01
9.354906234789021058e-01
8.666019130097982748e-01
8.720241407167258485e-01
8.379356455272625182e-01
8.107928333801095455e-01
8.411595212265147170e-01
1.067282452372869006e+00
9.969360327981661163e-01
8.328137040038963157e-01
8.708901309642292921e-01
7.502433415502534064e-01
8.083441910974307199e-01
8.342963784219262768e-01
8.205975607117768078e-01
8.769954298426233530e-01
8.225868834895689874e-01
9.426710013633843310e-01
8.642037221873332120e-01
8.639125979493508245e-01
9.445721404529940912e-01
9.123447056329960780e-01
9.137956597956582439e-01
9.373434224822371208e-01
9.080919096089540288e-01
1.036780335425552479e+00
9.351068922033890507e-01
1.027253444490424439e+00
9.440086172322615932e-01
9.166709607605776355e-01
8.481516897477598960e-01
8.419117334912651351e-01
9.034488141524555926e-01
9.010507305504519282e-01
1.036069027043118540e+00
9.940665689103608260e-01
9.534863560440115515e-01
8.647495291101044979e-01
9.091353201087587488e-01
8.931965700678997644e-01
9.393445476895143642e-01
9.444809154219677705e-01
9.836869119581277410e-01
1.035904762871766138e+00
1.016653471288374799e+00
1.004908972121355770e+00
9.981487438876179841e-01
8.883224696825918754e-01
1.022817993817603632e+00
9.629813318513129605e-01
8.928734830039524173e-01
1.069289549581947885e+00
1.170209419956088626e+00
1.073774362517809555e+00
1.119592416161344195e+00
1.041578646229501803e+00
1.067156714288532093e+00
8.507017333480186849e-01
1.011072980004596555e+00
1.115653533470184477e+00
1.042488142603921863e+00
1.032608779717880676e+00
1.089278031640094957e+00
1.062420371828321608e+00
8.847989641463609445e-01
1.071958735073123226e+00
1.096301547675178956e+00
1.095025714345129852e+00
1.144430984016481023e+00
1.197322394167144255e+00
1.230398131192953937e+00
1.124698136712470431e+00
1.090301144186472948e+00
1.006370829092849917e+00
9.864198685031266844e-01
9.224043727601067832e-01
7.927071285642954823e-01
1.092597299416425249e+00
1.105158277708428560e+00
1.053653132876012366e+00
9.286025359003888813e-01
1.013111793935405291e+00
1.143567053582187798e+00
1.086619255925547645e+00
1.075322968009128966e+00
8.868580270257255815e-01
1.052866035037342662e+00
4.229158253802002831e-01
1.198742378564576772e+00
1.134539941503688532e+00
9.527811196302621299e-01
4.572063366957296870e-01
9.347991244165746449e-01
1.214470188551562080e+00
1.229783795215959152e+00
1.174087622725964231e+00
1.166172181277393305e+00
1.061388204583666450e+00
1.137792375491374131e+00
1.133534171953908931e+00
1.079569456070624822e+00
9.104724601662490535e-01
8.610525366085896026e-01
9.098145359266588406e-01
8.844038210895276420e-01
9.778102418084901881e-01
1.123258241591362117e+00
9.110351090011937769e-01
1.018855796027933636e+00
1.125992652335758848e+00
1.151640432044880757e+00
1.130397260662823200e+00
1.118153073496179539e+00
1.152028476164534521e+00
1.111787076558877096e+00
1.149779135592087220e+00
1.127586601648647324e+00
1.070848932884704396e+00
1.111880443468184376e+00
1.184080621213832618e+00
1.170948559057786609e+00
9.921012570665024288e-01
9.405624645016747998e-01
8.893689804558296830e-01
9.171686273914110288e-01
9.463032580033303720e-01
9.984573804026039001e-01
9.033100232889826886e-01
8.656030299669625894e-01
1.041036323504267003e+00
9.391879138112105840e-01
8.116181341715774655e-01
9.831558997701411728e-01
1.015662654540874010e+00
9.442386652453121920e-01
9.375404530851247920e-01
9.926682596808786840e-01
5.775301421575564920e-01
1.011610494510249314e+00
1.073578093228563901e+00
1.017559182307487209e+00
1.014586685821992740e+00
1.109836283144186364e+00
1.070215959553973084e+00
1.053313231916036763e+00
1.113111700668020676e+00
1.176198497642312768e+00
1.132353978494420543e+00
1.010285766090558202e+00
1.036181213232684861e+00
9.437376938646224733e-01
1.079340834866872711e+00
1.174111543884692965e+00
1.118181985137530532e+00
1.024619338971406668e+00
9.984856468507211646e-01
1.000343740679769722e+00
9.747808834589746230e-01
1.044184462770863409e+00
1.048962031732082911e+00
1.039261312010936855e+00
1.095116566509129141e+00
9.778991683189425244e-01
1.117150702619002844e+00
1.142740817857126556e+00
1.103348558427740489e+00
1.119280276341724889e+00
1.104222460582763743e+00
1.014063389635438073e+00
1.017210630383737602e+00
1.015454005915818136e+00
1.009525178152995917e+00
8.444154993254958663e-01
9.756674466981551941e-01
9.362970905305256775e-01
9.390520955853179919e-01
9.795694632937120838e-01
1.004578586733968715e+00
9.154900564507058025e-01
1.017111188891840490e+00
1.071694743553636142e+00
1.042622370380297037e+00
1.008515829214603254e+00
1.049028691799614998e+00
1.045739224310684001e+00
1.087592042162186301e+00
1.028700506038245699e+00
1.090774816940707659e+00
1.119185604078174689e+00
1.011139776833454018e+00
1.001809692024262066e+00
9.871982085587863720e-01
1.088328146924485651e+00
1.087826418043505994e+00
1.178581362911253594e+00
1.129914077099138048e+00
1.156958060175316882e+00
1.135857311965424277e+00
1.106369765536813210e+00
1.175600063890207769e+00
1.195463172061915103e+00
1.240072079231365088e+00
8.286206610885490376e-01
1.064365251630654763e+00
1.126017108986960835e+00
1.077797425533555176e+00
1.147109084847463878e+00
1.153144906033872097e+00
1.002271452225589110e+00
1.050734864032248694e+00
1.132984583495234343e+00
1.211171455196231372e+00
1.208409813420084911e+00
1.109165911235880264e+00
1.139494071567267230e+00
1.074055975324638368e+00
1.132843188285871383e+00
1.106922424727937448e+00
1.059736498588695897e+00
1.017116849815957069e+00
9.818578456390424369e-01
9.114640067601523787e-01
8.688640501269729866e-01
9.155016693199722333e-01
8.965500357216614757e-01
8.988846867237956229e-01
8.884110738412809294e-01
8.886324130070379912e-01
8.307732340866287313e-01
9.075746932448428561e-01
9.292574543730776071e-01
9.330556376013213749e-01
8.697661265755273208e-01
8.486378702271857311e-01
8.691230511263572378e-01
8.729716893700441016e-01
7.703416532083238177e-01
8.331194457728762215e-01
7.625992753391698242e-01
8.336601130192707876e-01
8.108967948055235686e-01
7.645597772023527972e-01
8.096269327696251628e-01
7.774418016580114665e-01
8.055888822904557767e-01
8.628296265163648560e-01
8.176543708770906971e-01
7.845627673816726322e-01
8.162614480116208160e-01
8.412503617774622633e-01
8.667461780212947220e-01
9.085853479328179771e-01
9.057721714876677543e-01
9.057515902206542124e-01
8.633767437494428432e-01
8.311467771149442241e-01
9.143376497924055046e-01
9.711048308060462597e-01
9.925083008970666532e-01
9.095651652203995408e-01
8.628023991366490231e-01
8.615259431252226818e-01
8.587767767928140561e-01
9.156502267355027813e-01
9.355413359446416166e-01
9.339780885812595246e-01
9.976985484055549414e-01
1.015093533065486220e+00
9.610620274717652789e-01
9.471147266076693771e-01
1.069191751201404639e+00
1.135721551958991382e+00
8.988687473434521236e-01
9.832499949746141832e-01
7.670442954185159312e-01
7.838407910517168897e-01
9.027070874660017008e-01
8.977061619714775675e-01
8.973770735027943868e-01
9.635584688187336377e-01
8.994514316595942915e-01
6.588764880132070845e-01
6.640490004426238269e-01
7.989220821273967932e-01
1.142787295005737613e+00
9.966346768077164464e-01
1.050242235908782629e+00
9.585842981714233213e-01
9.328215164721279651e-01
9.717915454508073703e-01
9.487593096547930482e-01
1.029529961172919617e+00
1.061157642766061615e+00
1.010730480952888755e+00
1.179644374132893692e+00
1.138823250350553984e+00
9.839975496181382342e-01
9.384911209741602089e-01
1.055227324732608496e+00
1.120047275563322620e+00
1.134098389467202983e+00
1.077514057459410868e+00
1.138963385091468439e+00
1.056815333785676714e+00
9.765052640056013367e-01
9.857309927679688277e-01
9.991233290421105417e-01
1.047905760185924517e+00
1.058789207125156340e+00
1.023470636416586643e+00
9.681864451381125836e-01
1.121593730509992559e+00
9.536542499386260197e-01
1.021138312165776885e+00
9.816562570207314486e-01
1.003726597068310022e+00
1.122909171219947266e+00
1.099782519196533359e+00
1.086791874159801274e+00
1.037595462704215210e+00
1.054325143718200630e+00
9.872782552062364658e-01
8.676415773643064711e-01
9.651587586289566145e-01
1.035318597566157406e+00
1.101365538268764377e+00
9.262825895039369373e-01
9.225652843511779055e-01
8.277750910376281412e-01
8.248681693603081566e-01
8.279637769729847330e-01
7.680588143458946249e-01
7.452535162394163804e-01
8.225621296213769806e-01
8.547593222904859012e-01
1.049223991592069360e+00
8.862527392279032634e-01
3.843762227163645406e-02
9.130047483990679780e-01
1.193229741793976062e-01
5.221953091482254283e-01
1.211262425174507884e+00
3.657464319819375143e-01
